c00 1 1 29
c01 0 3 22
c02 0 4 16
c03 1 14 87
c04 1 19 7
c05 1 20 13
c06 1 22 27
c07 0 25 90
c08 0 28 73
c09 1 30 96
c10 1 44 17
c11 1 56 10
c12 1 61 56
c13 1 72 2
c14 1 74 14
c15 1 79 5
c16 0 79 12
c17 0 82 74
c18 1 83 76
c19 1 98 4
c20 1 99 15
c21 0 101 96
c22 0 102 51
c23 1 104 6
c24 0 114 21
c25 1 117 2
c26 0 118 27
c27 1 120 29
c28 1 122 28
c29 1 124 9
c30 0 126 23
c31 0 131 14
c32 0 137 2
c33 1 141 10
c34 1 142 6
c35 1 143 4
c36 0 144 89
c37 0 149 26
c38 1 154 9
c39 0 163 7
c40 0 163 66
c41 0 164 16
c42 0 168 3
c43 0 173 15
c44 1 173 19
c45 1 175 3
c46 0 176 8
c47 1 183 14
c48 0 185 11
c49 1 194 7
