c00 0 6 23
c01 1 20 13
c02 1 28 17
c03 1 38 28
c04 0 42 98
c05 0 44 14
c06 1 45 21
c07 0 47 8
c08 0 51 9
c09 1 57 14
c10 0 62 8
c11 0 68 2
c12 1 70 26
c13 1 74 7
c14 0 74 7
c15 0 74 8
c16 1 78 57
c17 1 80 28
c18 1 81 11
c19 1 82 7
c20 0 85 66
c21 0 87 62
c22 0 95 10
c23 0 95 25
c24 0 104 52
c25 1 104 98
c26 1 107 4
c27 0 108 4
c28 1 110 22
c29 0 110 29
c30 0 119 21
c31 1 124 3
c32 0 128 9
c33 0 140 28
c34 1 152 2
c35 1 152 26
c36 1 154 2
c37 1 155 15
c38 0 156 17
c39 0 157 25
c40 1 157 9
c41 0 158 93
c42 0 171 15
c43 1 175 65
c44 0 177 10
c45 0 177 3
c46 1 179 94
c47 0 179 20
c48 1 186 15
c49 0 199 17
