c00 0 4 9
c01 1 14 21
c02 0 15 23
c03 1 22 14
c04 0 22 8
c05 0 29 26
c06 0 33 4
c07 1 36 7
c08 0 43 17
c09 0 46 23
c10 1 47 2
c11 1 47 96
c12 1 48 13
c13 1 52 18
c14 0 55 94
c15 0 58 21
c16 1 69 4
c17 0 84 18
c18 1 86 3
c19 0 88 19
c20 0 92 25
c21 1 97 11
c22 1 98 10
c23 1 108 18
c24 1 109 9
c25 1 110 82
c26 1 110 67
c27 0 118 23
c28 0 120 20
c29 1 125 12
c30 1 126 13
c31 0 128 62
c32 0 130 26
c33 1 131 95
c34 0 144 19
c35 1 146 60
c36 0 147 60
c37 1 159 11
c38 1 161 6
c39 1 167 17
c40 1 168 61
c41 1 169 3
c42 0 170 10
c43 1 172 65
c44 1 180 26
c45 0 182 19
c46 0 189 5
c47 0 194 16
c48 0 194 22
c49 0 195 88
