c00 1 2 5
c01 0 2 16
c02 1 10 6
c03 1 13 16
c04 1 27 22
c05 0 30 68
c06 0 37 27
c07 1 49 95
c08 1 52 12
c09 0 54 14
c10 0 60 11
c11 0 61 4
c12 1 63 7
c13 0 64 73
c14 0 73 10
c15 0 75 11
c16 1 77 18
c17 1 90 16
c18 1 90 26
c19 0 93 77
c20 0 96 13
c21 0 98 16
c22 0 106 13
c23 1 114 22
c24 1 115 19
c25 1 119 4
c26 0 128 23
c27 1 130 9
c28 0 142 24
c29 0 145 91
c30 0 149 19
c31 0 156 18
c32 1 157 19
c33 1 161 98
c34 1 165 55
c35 0 167 7
c36 1 167 24
c37 1 167 4
c38 0 169 12
c39 1 172 29
c40 0 173 24
c41 0 175 6
c42 1 177 64
c43 1 179 5
c44 0 182 29
c45 0 186 64
c46 1 188 15
c47 1 191 26
c48 1 196 23
c49 1 197 15
