c00 0 1 72
c01 0 5 15
c02 0 7 9
c03 0 10 7
c04 1 10 11
c05 0 10 15
c06 1 13 24
c07 1 14 29
c08 0 20 24
c09 0 20 13
c10 0 23 28
c11 0 26 28
c12 0 26 12
c13 1 28 26
c14 1 32 5
c15 0 35 69
c16 1 37 70
c17 0 37 11
c18 1 48 86
c19 1 49 23
c20 1 52 2
c21 0 53 50
c22 1 60 89
c23 1 60 25
c24 0 65 8
c25 1 65 26
c26 1 71 12
c27 0 72 3
c28 0 73 23
c29 0 73 63
c30 1 75 3
c31 0 76 27
c32 1 79 7
c33 1 84 17
c34 1 86 6
c35 1 108 24
c36 0 120 68
c37 0 127 19
c38 0 131 4
c39 1 140 26
c40 0 146 50
c41 0 161 27
c42 1 165 14
c43 0 165 75
c44 1 167 68
c45 1 173 90
c46 1 181 57
c47 0 183 17
c48 0 198 9
c49 1 199 17
