c00 0 1 6
c01 1 1 11
c02 1 2 28
c03 1 6 27
c04 0 14 21
c05 0 25 4
c06 1 38 28
c07 1 40 13
c08 0 41 92
c09 0 47 66
c10 0 54 20
c11 0 58 56
c12 1 58 5
c13 1 64 20
c14 1 64 28
c15 0 68 25
c16 0 68 56
c17 0 72 79
c18 0 73 11
c19 1 78 10
c20 1 81 21
c21 1 82 83
c22 0 85 21
c23 0 87 22
c24 1 88 2
c25 1 90 16
c26 1 94 17
c27 0 95 13
c28 0 115 23
c29 1 115 24
c30 1 122 98
c31 0 124 5
c32 0 136 85
c33 1 137 17
c34 1 139 2
c35 0 140 12
c36 0 142 22
c37 1 146 92
c38 1 147 20
c39 0 148 2
c40 1 152 27
c41 1 161 15
c42 1 168 22
c43 0 174 9
c44 1 175 9
c45 0 176 74
c46 1 185 10
c47 1 192 29
c48 1 193 13
c49 1 198 25
