c00 1 8 72
c01 1 11 25
c02 0 12 21
c03 0 12 3
c04 0 18 21
c05 1 20 59
c06 1 26 15
c07 0 28 27
c08 0 29 24
c09 1 42 3
c10 0 43 13
c11 1 45 69
c12 1 45 28
c13 1 45 17
c14 0 46 27
c15 0 49 67
c16 0 54 17
c17 1 66 26
c18 1 72 12
c19 0 77 19
c20 0 86 22
c21 0 89 95
c22 0 91 91
c23 1 101 9
c24 1 105 12
c25 0 112 29
c26 1 113 18
c27 0 121 17
c28 1 126 20
c29 1 127 80
c30 1 130 89
c31 0 136 93
c32 0 138 62
c33 0 142 26
c34 0 143 68
c35 1 146 15
c36 1 146 8
c37 1 148 14
c38 1 151 4
c39 0 154 11
c40 0 158 59
c41 0 165 25
c42 0 175 26
c43 1 176 13
c44 1 178 9
c45 0 180 29
c46 1 180 11
c47 1 194 27
c48 0 194 29
c49 0 199 15
