c00 1 2 9
c01 0 11 11
c02 0 11 10
c03 0 21 75
c04 0 21 26
c05 1 22 27
c06 1 26 14
c07 0 27 19
c08 1 29 20
c09 0 29 16
c10 0 42 76
c11 0 49 6
c12 1 56 24
c13 0 58 6
c14 0 59 9
c15 1 62 8
c16 0 67 13
c17 0 69 16
c18 0 86 97
c19 1 90 92
c20 0 92 27
c21 0 115 15
c22 0 115 22
c23 1 119 19
c24 1 123 97
c25 0 124 21
c26 1 126 13
c27 0 129 7
c28 0 130 24
c29 0 135 74
c30 1 135 6
c31 1 136 69
c32 0 137 26
c33 1 140 11
c34 0 162 20
c35 1 163 21
c36 1 167 13
c37 0 167 2
c38 1 168 23
c39 1 170 18
c40 1 172 87
c41 0 173 9
c42 1 177 5
c43 1 182 13
c44 1 183 25
c45 1 184 3
c46 0 186 23
c47 1 193 11
c48 1 193 21
c49 1 198 3
