0 -1
1 -1
2 -1
3 -1
4 -1
5 -1
6 0
7 0
8 0
9 0
10 0
11 0
12 0
13 0
14 0
15 0
16 0
17 0
18 0
19 0
20 0
21 0
22 0
23 0
24 0
25 0
26 0
27 0
28 0
29 1
30 1
31 1
32 1
33 1
34 1
35 1
36 1
37 1
38 1
39 1
40 1
41 1
42 2
43 2
44 2
45 2
46 2
47 2
48 2
49 2
50 3
51 3
52 3
53 3
54 3
55 3
56 3
57 3
58 4
59 4
60 4
61 4
62 4
63 4
64 4
65 4
66 5
67 5
68 5
69 5
70 5
71 5
72 5
73 5
74 5
75 5
76 5
77 5
78 5
79 5
80 6
81 6
82 6
83 6
84 6
85 6
86 6
87 6
88 7
89 7
90 7
91 7
92 7
93 7
94 7
95 7
96 8
97 8
98 8
99 8
100 8
101 8
102 8
103 8
104 8
105 9
106 9
107 9
108 9
109 9
110 9
111 9
112 9
113 9
114 9
115 9
116 9
117 9
118 9
119 10
120 10
121 10
122 10
123 10
124 10
125 10
126 10
127 11
128 11
129 12
130 12
131 12
132 12
133 12
134 12
135 12
136 12
137 13
138 13
139 13
140 13
141 13
142 13
143 13
144 14
145 14
146 14
147 14
148 14
149 14
150 14
151 15
152 15
153 15
154 15
155 15
156 15
157 15
158 15
159 16
160 16
161 16
162 16
163 16
164 16
165 16
166 16
167 17
168 17
169 17
170 17
171 17
172 17
173 17
174 17
175 18
176 18
177 18
178 18
179 18
180 18
181 18
182 18
183 18
184 18
185 18
186 19
187 19
188 19
189 19
190 19
191 19
192 19
193 20
194 20
195 20
196 20
197 20
198 20
199 20
200 20
201 21
202 21
203 21
204 21
205 21
206 21
207 21
208 21
209 22
210 22
211 22
212 22
213 22
214 22
215 22
216 22
217 22
218 22
219 23
220 23
221 23
222 23
223 23
224 23
225 23
226 23
227 24
228 24
229 24
230 24
231 24
232 24
233 24
234 24
235 25
236 25
237 25
238 25
239 25
240 25
241 25
242 25
243 26
244 26
245 26
246 26
247 27
248 27
249 27
250 27
251 28
252 28
253 28
254 28
255 28
256 28
257 28
258 28
259 29
260 29
261 29
262 29
263 29
264 29
265 29
266 29
267 30
268 30
269 30
270 30
271 30
272 30
273 30
274 30
275 31
276 31
277 31
278 32
279 32
280 32
281 32
282 32
283 32
284 32
285 32
286 32
287 33
288 33
289 33
290 33
291 33
292 33
293 33
294 33
295 34
296 34
297 35
298 35
299 35
300 35
301 35
302 35
303 35
304 35
305 36
306 36
307 37
308 37
309 37
310 37
311 37
312 37
313 37
314 37
315 37
316 37
317 37
318 37
319 37
320 37
321 37
322 38
323 38
324 38
325 38
326 38
327 38
328 38
329 38
330 39
331 39
332 39
333 39
334 39
335 39
336 39
337 39
338 40
339 40
340 40
341 40
342 40
343 40
344 40
345 40
346 40
347 41
348 41
349 41
350 41
351 41
352 41
353 41
354 41
355 42
356 42
357 42
358 42
359 42
360 42
361 42
362 42
363 42
364 42
365 42
366 42
367 42
368 42
369 42
370 43
371 43
372 43
373 43
374 43
375 43
376 43
377 43
378 44
379 44
380 44
381 44
382 44
383 44
384 44
385 44
386 44
387 44
388 45
389 45
390 45
391 46
392 46
393 46
394 46
395 46
396 46
397 46
398 46
399 47
400 47
401 47
402 47
403 47
404 47
405 47
406 47
407 48
408 48
409 48
410 48
411 48
412 48
413 48
414 48
415 48
416 48
417 48
418 48
419 48
420 48
421 48
422 49
423 49
424 49
425 49
426 49
427 49
428 49
429 49
430 2
431 2
432 2
433 2
434 2
435 2
436 2
437 2
438 2
439 6
440 6
441 6
442 6
443 6
444 6
445 6
446 6
447 6
448 6
449 6
450 6
451 6
452 28
453 28
454 28
455 28
456 28
457 28
458 28
459 28
460 28
461 28
462 28
463 28
464 28
465 28
466 30
467 30
468 30
469 30
470 30
471 30
472 30
473 30
474 30
475 30
476 30
477 30
478 30
479 38
480 38
481 38
482 38
483 38
484 38
485 38
486 38
487 38
488 47
489 47
490 47
491 47
492 47
493 47
494 47
495 47
496 47
497 47
498 47
499 47
500 49
501 49
502 49
503 49
504 49
505 49
506 49
507 49
508 49
509 4
510 4
511 4
512 4
513 4
514 4
515 4
516 4
517 20
518 20
519 20
520 20
521 20
522 20
523 20
524 20
525 21
526 21
527 21
528 21
529 21
530 21
531 21
532 21
533 23
534 23
535 23
536 23
537 23
538 23
539 23
540 23
541 23
542 23
543 23
544 23
545 23
546 23
547 23
548 23
549 23
550 24
551 24
552 24
553 24
554 24
555 24
556 24
557 24
558 29
559 29
560 29
561 29
562 29
563 29
564 29
565 29
566 29
567 29
568 29
569 29
570 29
571 29
572 29
573 29
574 29
575 29
576 29
577 29
578 29
579 33
580 33
581 33
582 33
583 33
584 33
585 33
586 33
587 33
588 33
589 33
590 33
591 33
592 33
593 33
594 33
595 33
596 33
597 33
598 33
599 39
600 39
601 39
602 39
603 39
604 39
605 39
606 39
607 39
608 39
609 39
610 39
611 39
612 39
613 39
614 39
615 39
616 41
617 41
618 41
619 41
620 41
621 41
622 41
623 41
624 4
625 4
626 4
627 4
628 4
629 4
630 4
631 4
632 20
633 20
634 20
635 20
636 20
637 20
638 20
639 20
640 21
641 21
642 21
643 21
644 21
645 21
646 21
647 21
648 24
649 24
650 24
651 24
652 24
653 24
654 24
655 24
656 41
657 41
658 41
659 41
660 41
661 41
662 41
663 41
664 4
665 4
666 4
667 4
668 4
669 4
670 4
671 4
672 20
673 20
674 20
675 20
676 20
677 20
678 20
679 20
680 21
681 21
682 21
683 21
684 21
685 21
686 21
687 21
688 24
689 24
690 24
691 24
692 24
693 24
694 24
695 24
696 41
697 41
698 41
699 41
700 41
701 41
702 41
703 41
704 4
705 4
706 4
707 4
708 4
709 4
710 4
711 4
712 20
713 20
714 20
715 20
716 20
717 20
718 20
719 20
720 21
721 21
722 21
723 21
724 21
725 21
726 21
727 21
728 24
729 24
730 24
731 24
732 24
733 24
734 24
735 24
736 24
737 24
738 24
739 24
740 24
741 24
742 24
743 24
744 24
745 24
746 24
747 24
748 41
749 41
750 41
751 41
752 41
753 41
754 41
755 41
756 4
757 4
758 4
759 4
760 4
761 4
762 4
763 4
764 20
765 20
766 20
767 20
768 20
769 20
770 20
771 20
772 21
773 21
774 21
775 21
776 21
777 21
778 21
779 21
780 21
781 21
782 21
783 21
784 21
785 21
786 21
787 21
788 21
789 21
790 21
791 21
792 21
793 21
794 41
795 41
796 41
797 41
798 41
799 41
800 41
801 41
802 4
803 4
804 4
805 4
806 4
807 4
808 4
809 4
810 20
811 20
812 20
813 20
814 20
815 20
816 20
817 20
818 20
819 20
820 20
821 20
822 20
823 20
824 20
825 20
826 20
827 20
828 41
829 41
830 41
831 41
832 41
833 41
834 41
835 41
836 4
837 4
838 4
839 4
840 4
841 4
842 4
843 4
844 41
845 41
846 41
847 41
848 41
849 41
850 41
851 41
852 4
853 4
854 4
855 4
856 4
857 4
858 4
859 4
860 41
861 41
862 41
863 41
864 41
865 41
866 41
867 41
868 4
869 4
870 4
871 4
872 4
873 4
874 4
875 4
876 41
877 41
878 41
879 41
880 41
881 41
882 41
883 41
884 41
885 41
886 41
887 41
888 41
889 41
890 41
891 41
892 41
893 41
894 41
895 41
896 41
897 4
898 4
899 4
900 4
901 4
902 4
903 4
904 4
905 4
906 4
907 4
908 4
909 4
910 4
911 4
912 4
913 4
914 4
915 3
916 3
917 3
918 3
919 3
920 3
921 3
922 3
923 3
924 3
925 3
926 3
927 3
928 3
929 3
930 3
931 3
932 3
933 3
934 3
935 12
936 12
937 12
938 12
939 12
940 12
941 12
942 12
943 12
944 12
945 12
946 12
947 12
948 12
949 12
950 12
951 12
952 12
953 16
954 16
955 16
956 16
957 16
958 16
959 16
960 16
961 17
962 17
963 17
964 17
965 17
966 17
967 17
968 17
969 17
970 17
971 17
972 17
973 17
974 17
975 17
976 17
977 17
978 17
979 17
980 17
981 25
982 25
983 25
984 25
985 25
986 25
987 25
988 25
989 35
990 35
991 35
992 35
993 35
994 35
995 35
996 35
997 35
998 35
999 35
1000 35
1001 35
1002 35
1003 35
1004 35
1005 35
1006 35
1007 43
1008 43
1009 43
1010 43
1011 43
1012 43
1013 43
1014 43
1015 46
1016 46
1017 46
1018 46
1019 46
1020 46
1021 46
1022 46
1023 16
1024 16
1025 16
1026 16
1027 16
1028 16
1029 16
1030 16
1031 25
1032 25
1033 25
1034 25
1035 25
1036 25
1037 25
1038 25
1039 43
1040 43
1041 43
1042 43
1043 43
1044 43
1045 43
1046 43
1047 46
1048 46
1049 46
1050 46
1051 46
1052 46
1053 46
1054 46
1055 16
1056 16
1057 16
1058 16
1059 16
1060 16
1061 16
1062 16
1063 25
1064 25
1065 25
1066 25
1067 25
1068 25
1069 25
1070 25
1071 43
1072 43
1073 43
1074 43
1075 43
1076 43
1077 43
1078 43
1079 46
1080 46
1081 46
1082 46
1083 46
1084 46
1085 46
1086 46
1087 16
1088 16
1089 16
1090 16
1091 16
1092 16
1093 16
1094 16
1095 25
1096 25
1097 25
1098 25
1099 25
1100 25
1101 25
1102 25
1103 43
1104 43
1105 43
1106 43
1107 43
1108 43
1109 43
1110 43
1111 46
1112 46
1113 46
1114 46
1115 46
1116 46
1117 46
1118 46
1119 16
1120 16
1121 16
1122 16
1123 16
1124 16
1125 16
1126 16
1127 16
1128 16
1129 16
1130 16
1131 16
1132 16
1133 16
1134 16
1135 16
1136 25
1137 25
1138 25
1139 25
1140 25
1141 25
1142 25
1143 25
1144 43
1145 43
1146 43
1147 43
1148 43
1149 43
1150 43
1151 43
1152 46
1153 46
1154 46
1155 46
1156 46
1157 46
1158 46
1159 46
1160 25
1161 25
1162 25
1163 25
1164 25
1165 25
1166 25
1167 25
1168 43
1169 43
1170 43
1171 43
1172 43
1173 43
1174 43
1175 43
1176 43
1177 43
1178 43
1179 43
1180 43
1181 43
1182 43
1183 43
1184 43
1185 46
1186 46
1187 46
1188 46
1189 46
1190 46
1191 46
1192 46
1193 25
1194 25
1195 25
1196 25
1197 25
1198 25
1199 25
1200 25
1201 46
1202 46
1203 46
1204 46
1205 46
1206 46
1207 46
1208 46
1209 25
1210 25
1211 25
1212 25
1213 25
1214 25
1215 25
1216 25
1217 46
1218 46
1219 46
1220 46
1221 46
1222 46
1223 46
1224 46
1225 25
1226 25
1227 25
1228 25
1229 25
1230 25
1231 25
1232 25
1233 46
1234 46
1235 46
1236 46
1237 46
1238 46
1239 46
1240 46
1241 46
1242 46
1243 46
1244 46
1245 46
1246 46
1247 46
1248 46
1249 46
1250 46
1251 46
1252 46
1253 46
1254 46
1255 25
1256 25
1257 25
1258 25
1259 25
1260 25
1261 25
1262 25
1263 25
1264 25
1265 25
1266 25
1267 25
1268 25
1269 25
1270 25
1271 25
1272 25
1273 -1
