0 -1
1 -1
2 0
3 0
4 0
5 0
6 0
7 0
8 0
9 0
10 0
11 1
12 1
13 1
14 1
15 1
16 1
17 1
18 1
19 1
20 1
21 1
22 2
23 2
24 2
25 2
26 2
27 2
28 2
29 2
30 2
31 2
32 3
33 3
34 3
35 3
36 3
37 3
38 3
39 3
40 4
41 4
42 4
43 4
44 4
45 4
46 4
47 4
48 5
49 5
50 5
51 5
52 5
53 5
54 5
55 5
56 6
57 6
58 6
59 6
60 6
61 6
62 6
63 6
64 6
65 6
66 6
67 6
68 6
69 6
70 7
71 7
72 7
73 7
74 7
75 7
76 7
77 7
78 8
79 8
80 8
81 8
82 8
83 8
84 8
85 8
86 9
87 9
88 9
89 9
90 9
91 9
92 9
93 9
94 9
95 9
96 9
97 9
98 9
99 9
100 9
101 9
102 10
103 10
104 10
105 10
106 10
107 10
108 10
109 10
110 11
111 11
112 11
113 11
114 11
115 11
116 12
117 12
118 12
119 12
120 12
121 12
122 12
123 12
124 13
125 13
126 13
127 13
128 13
129 13
130 14
131 14
132 14
133 14
134 14
135 14
136 14
137 14
138 14
139 15
140 15
141 15
142 15
143 15
144 15
145 15
146 15
147 16
148 16
149 16
150 16
151 16
152 16
153 16
154 16
155 16
156 16
157 16
158 16
159 16
160 17
161 17
162 17
163 17
164 17
165 17
166 17
167 17
168 17
169 17
170 17
171 17
172 17
173 17
174 17
175 17
176 18
177 18
178 18
179 18
180 18
181 18
182 18
183 18
184 19
185 19
186 19
187 19
188 19
189 19
190 19
191 19
192 20
193 20
194 20
195 20
196 20
197 20
198 20
199 20
200 21
201 21
202 21
203 21
204 21
205 21
206 21
207 21
208 21
209 21
210 21
211 21
212 21
213 21
214 21
215 22
216 22
217 22
218 22
219 22
220 22
221 22
222 22
223 23
224 23
225 23
226 23
227 23
228 23
229 23
230 23
231 24
232 24
233 24
234 24
235 24
236 24
237 24
238 24
239 25
240 25
241 25
242 25
243 25
244 25
245 25
246 25
247 26
248 26
249 26
250 26
251 26
252 26
253 26
254 26
255 26
256 26
257 26
258 26
259 26
260 27
261 27
262 27
263 27
264 27
265 27
266 27
267 28
268 28
269 28
270 28
271 28
272 28
273 28
274 28
275 29
276 29
277 29
278 29
279 29
280 29
281 29
282 29
283 30
284 30
285 30
286 30
287 30
288 30
289 31
290 31
291 31
292 31
293 31
294 31
295 31
296 31
297 32
298 32
299 32
300 32
301 32
302 32
303 32
304 32
305 33
306 33
307 33
308 33
309 33
310 33
311 33
312 33
313 33
314 33
315 33
316 34
317 34
318 34
319 34
320 34
321 34
322 34
323 34
324 35
325 35
326 35
327 35
328 35
329 35
330 35
331 35
332 36
333 36
334 36
335 36
336 36
337 36
338 36
339 36
340 36
341 36
342 36
343 36
344 36
345 37
346 37
347 38
348 38
349 38
350 38
351 38
352 38
353 38
354 38
355 39
356 39
357 39
358 39
359 39
360 39
361 39
362 39
363 40
364 40
365 40
366 40
367 40
368 40
369 40
370 40
371 41
372 41
373 41
374 41
375 41
376 41
377 41
378 41
379 41
380 42
381 42
382 42
383 42
384 42
385 43
386 43
387 43
388 43
389 43
390 43
391 43
392 43
393 43
394 43
395 43
396 43
397 43
398 44
399 44
400 44
401 44
402 44
403 44
404 44
405 44
406 45
407 45
408 45
409 46
410 46
411 46
412 46
413 46
414 46
415 46
416 46
417 47
418 47
419 47
420 47
421 47
422 47
423 47
424 47
425 47
426 47
427 47
428 48
429 48
430 48
431 48
432 48
433 48
434 48
435 48
436 49
437 49
438 49
439 7
440 7
441 7
442 7
443 7
444 7
445 7
446 7
447 7
448 7
449 7
450 8
451 8
452 8
453 8
454 8
455 8
456 8
457 8
458 8
459 8
460 8
461 8
462 22
463 22
464 22
465 22
466 22
467 22
468 22
469 22
470 22
471 22
472 22
473 22
474 22
475 22
476 23
477 23
478 23
479 23
480 23
481 23
482 23
483 23
484 23
485 23
486 23
487 25
488 25
489 25
490 25
491 25
492 25
493 25
494 25
495 25
496 25
497 25
498 25
499 25
500 34
501 34
502 34
503 34
504 34
505 34
506 34
507 34
508 34
509 34
510 34
511 34
512 35
513 35
514 35
515 35
516 35
517 35
518 35
519 35
520 35
521 35
522 35
523 35
524 35
525 38
526 38
527 38
528 38
529 38
530 38
531 38
532 38
533 38
534 38
535 38
536 38
537 38
538 38
539 38
540 39
541 39
542 39
543 39
544 39
545 39
546 39
547 39
548 39
549 39
550 46
551 46
552 46
553 46
554 46
555 46
556 46
557 46
558 46
559 46
560 46
561 46
562 46
563 46
564 46
565 48
566 48
567 48
568 48
569 48
570 48
571 48
572 48
573 48
574 48
575 48
576 48
577 48
578 3
579 3
580 3
581 3
582 3
583 3
584 3
585 3
586 4
587 4
588 4
589 4
590 4
591 4
592 4
593 4
594 4
595 4
596 4
597 4
598 4
599 4
600 4
601 4
602 4
603 4
604 10
605 10
606 10
607 10
608 10
609 10
610 10
611 10
612 18
613 18
614 18
615 18
616 18
617 18
618 18
619 18
620 20
621 20
622 20
623 20
624 20
625 20
626 20
627 20
628 20
629 20
630 20
631 20
632 20
633 20
634 20
635 20
636 20
637 20
638 20
639 28
640 28
641 28
642 28
643 28
644 28
645 28
646 28
647 28
648 28
649 28
650 28
651 28
652 28
653 28
654 28
655 29
656 29
657 29
658 29
659 29
660 29
661 29
662 29
663 32
664 32
665 32
666 32
667 32
668 32
669 32
670 32
671 32
672 32
673 32
674 32
675 32
676 32
677 32
678 32
679 32
680 32
681 3
682 3
683 3
684 3
685 3
686 3
687 3
688 3
689 10
690 10
691 10
692 10
693 10
694 10
695 10
696 10
697 18
698 18
699 18
700 18
701 18
702 18
703 18
704 18
705 29
706 29
707 29
708 29
709 29
710 29
711 29
712 29
713 3
714 3
715 3
716 3
717 3
718 3
719 3
720 3
721 10
722 10
723 10
724 10
725 10
726 10
727 10
728 10
729 18
730 18
731 18
732 18
733 18
734 18
735 18
736 18
737 29
738 29
739 29
740 29
741 29
742 29
743 29
744 29
745 3
746 3
747 3
748 3
749 3
750 3
751 3
752 3
753 10
754 10
755 10
756 10
757 10
758 10
759 10
760 10
761 18
762 18
763 18
764 18
765 18
766 18
767 18
768 18
769 29
770 29
771 29
772 29
773 29
774 29
775 29
776 29
777 3
778 3
779 3
780 3
781 3
782 3
783 3
784 3
785 10
786 10
787 10
788 10
789 10
790 10
791 10
792 10
793 18
794 18
795 18
796 18
797 18
798 18
799 18
800 18
801 29
802 29
803 29
804 29
805 29
806 29
807 29
808 29
809 3
810 3
811 3
812 3
813 3
814 3
815 3
816 3
817 10
818 10
819 10
820 10
821 10
822 10
823 10
824 10
825 18
826 18
827 18
828 18
829 18
830 18
831 18
832 18
833 29
834 29
835 29
836 29
837 29
838 29
839 29
840 29
841 3
842 3
843 3
844 3
845 3
846 3
847 3
848 3
849 3
850 3
851 3
852 3
853 3
854 3
855 3
856 3
857 3
858 3
859 3
860 10
861 10
862 10
863 10
864 10
865 10
866 10
867 10
868 10
869 10
870 10
871 10
872 10
873 10
874 10
875 10
876 10
877 10
878 10
879 10
880 18
881 18
882 18
883 18
884 18
885 18
886 18
887 18
888 29
889 29
890 29
891 29
892 29
893 29
894 29
895 29
896 29
897 29
898 29
899 29
900 29
901 29
902 29
903 29
904 29
905 29
906 18
907 18
908 18
909 18
910 18
911 18
912 18
913 18
914 18
915 18
916 18
917 18
918 18
919 18
920 18
921 18
922 18
923 18
924 18
925 18
926 18
927 18
928 18
929 18
930 18
931 18
932 18
933 18
934 18
935 18
936 18
937 18
938 18
939 5
940 5
941 5
942 5
943 5
944 5
945 5
946 5
947 5
948 5
949 5
950 5
951 5
952 5
953 5
954 5
955 5
956 5
957 5
958 12
959 12
960 12
961 12
962 12
963 12
964 12
965 12
966 12
967 12
968 12
969 12
970 12
971 12
972 12
973 12
974 19
975 19
976 19
977 19
978 19
979 19
980 19
981 19
982 24
983 24
984 24
985 24
986 24
987 24
988 24
989 24
990 31
991 31
992 31
993 31
994 31
995 31
996 31
997 31
998 40
999 40
1000 40
1001 40
1002 40
1003 40
1004 40
1005 40
1006 44
1007 44
1008 44
1009 44
1010 44
1011 44
1012 44
1013 44
1014 44
1015 44
1016 44
1017 44
1018 44
1019 44
1020 44
1021 44
1022 44
1023 19
1024 19
1025 19
1026 19
1027 19
1028 19
1029 19
1030 19
1031 24
1032 24
1033 24
1034 24
1035 24
1036 24
1037 24
1038 24
1039 31
1040 31
1041 31
1042 31
1043 31
1044 31
1045 31
1046 31
1047 40
1048 40
1049 40
1050 40
1051 40
1052 40
1053 40
1054 40
1055 19
1056 19
1057 19
1058 19
1059 19
1060 19
1061 19
1062 19
1063 24
1064 24
1065 24
1066 24
1067 24
1068 24
1069 24
1070 24
1071 31
1072 31
1073 31
1074 31
1075 31
1076 31
1077 31
1078 31
1079 40
1080 40
1081 40
1082 40
1083 40
1084 40
1085 40
1086 40
1087 19
1088 19
1089 19
1090 19
1091 19
1092 19
1093 19
1094 19
1095 24
1096 24
1097 24
1098 24
1099 24
1100 24
1101 24
1102 24
1103 31
1104 31
1105 31
1106 31
1107 31
1108 31
1109 31
1110 31
1111 40
1112 40
1113 40
1114 40
1115 40
1116 40
1117 40
1118 40
1119 19
1120 19
1121 19
1122 19
1123 19
1124 19
1125 19
1126 19
1127 24
1128 24
1129 24
1130 24
1131 24
1132 24
1133 24
1134 24
1135 31
1136 31
1137 31
1138 31
1139 31
1140 31
1141 31
1142 31
1143 40
1144 40
1145 40
1146 40
1147 40
1148 40
1149 40
1150 40
1151 19
1152 19
1153 19
1154 19
1155 19
1156 19
1157 19
1158 19
1159 24
1160 24
1161 24
1162 24
1163 24
1164 24
1165 24
1166 24
1167 31
1168 31
1169 31
1170 31
1171 31
1172 31
1173 31
1174 31
1175 31
1176 31
1177 31
1178 31
1179 31
1180 31
1181 31
1182 31
1183 31
1184 31
1185 31
1186 31
1187 31
1188 40
1189 40
1190 40
1191 40
1192 40
1193 40
1194 40
1195 40
1196 19
1197 19
1198 19
1199 19
1200 19
1201 19
1202 19
1203 19
1204 24
1205 24
1206 24
1207 24
1208 24
1209 24
1210 24
1211 24
1212 40
1213 40
1214 40
1215 40
1216 40
1217 40
1218 40
1219 40
1220 19
1221 19
1222 19
1223 19
1224 19
1225 19
1226 19
1227 19
1228 24
1229 24
1230 24
1231 24
1232 24
1233 24
1234 24
1235 24
1236 40
1237 40
1238 40
1239 40
1240 40
1241 40
1242 40
1243 40
1244 40
1245 40
1246 40
1247 40
1248 40
1249 40
1250 40
1251 40
1252 40
1253 40
1254 40
1255 40
1256 40
1257 40
1258 40
1259 19
1260 19
1261 19
1262 19
1263 19
1264 19
1265 19
1266 19
1267 19
1268 19
1269 19
1270 19
1271 19
1272 19
1273 19
1274 19
1275 19
1276 19
1277 19
1278 19
1279 24
1280 24
1281 24
1282 24
1283 24
1284 24
1285 24
1286 24
1287 24
1288 24
1289 24
1290 24
1291 24
1292 24
1293 24
1294 24
1295 24
1296 24
1297 24
1298 24
1299 24
1300 24
1301 24
1302 24
1303 24
1304 -1
