0 -1
1 -1
2 0
3 0
4 0
5 0
6 0
7 1
8 1
9 1
10 1
11 1
12 1
13 1
14 1
15 1
16 1
17 1
18 1
19 1
20 1
21 1
22 1
23 2
24 2
25 2
26 2
27 2
28 2
29 3
30 3
31 3
32 3
33 3
34 3
35 3
36 3
37 3
38 3
39 3
40 3
41 3
42 3
43 3
44 3
45 4
46 4
47 4
48 4
49 4
50 4
51 4
52 4
53 5
54 5
55 5
56 5
57 5
58 5
59 5
60 5
61 6
62 6
63 6
64 6
65 6
66 6
67 6
68 6
69 7
70 7
71 7
72 7
73 7
74 7
75 7
76 7
77 8
78 8
79 8
80 8
81 8
82 8
83 8
84 8
85 8
86 8
87 8
88 8
89 9
90 9
91 9
92 9
93 9
94 9
95 9
96 9
97 9
98 9
99 9
100 9
101 9
102 9
103 10
104 10
105 10
106 10
107 10
108 10
109 10
110 10
111 10
112 10
113 10
114 11
115 11
116 11
117 11
118 12
119 12
120 12
121 12
122 12
123 12
124 12
125 13
126 13
127 13
128 13
129 13
130 13
131 13
132 13
133 14
134 14
135 14
136 14
137 14
138 14
139 14
140 14
141 14
142 14
143 15
144 15
145 15
146 15
147 15
148 15
149 15
150 15
151 15
152 15
153 15
154 16
155 16
156 16
157 16
158 16
159 16
160 16
161 16
162 17
163 17
164 17
165 17
166 17
167 17
168 17
169 17
170 17
171 17
172 17
173 17
174 17
175 17
176 17
177 17
178 18
179 18
180 18
181 18
182 18
183 18
184 18
185 18
186 19
187 19
188 19
189 19
190 19
191 19
192 19
193 19
194 20
195 20
196 20
197 20
198 20
199 20
200 20
201 20
202 20
203 20
204 20
205 20
206 20
207 21
208 21
209 21
210 21
211 21
212 21
213 21
214 21
215 21
216 21
217 21
218 21
219 21
220 21
221 21
222 21
223 22
224 22
225 22
226 22
227 22
228 22
229 22
230 22
231 22
232 22
233 22
234 22
235 22
236 23
237 23
238 23
239 23
240 23
241 23
242 23
243 23
244 24
245 24
246 24
247 24
248 24
249 24
250 24
251 24
252 25
253 25
254 25
255 25
256 26
257 26
258 26
259 26
260 26
261 26
262 26
263 26
264 27
265 27
266 27
267 27
268 27
269 27
270 27
271 27
272 27
273 28
274 28
275 28
276 28
277 28
278 28
279 28
280 28
281 29
282 29
283 29
284 29
285 29
286 29
287 29
288 29
289 30
290 30
291 30
292 30
293 30
294 30
295 30
296 30
297 31
298 31
299 31
300 31
301 31
302 31
303 31
304 31
305 32
306 32
307 32
308 32
309 32
310 32
311 32
312 32
313 33
314 33
315 33
316 33
317 33
318 33
319 33
320 33
321 34
322 34
323 34
324 34
325 34
326 34
327 34
328 34
329 35
330 35
331 35
332 35
333 35
334 35
335 35
336 36
337 36
338 36
339 36
340 36
341 36
342 36
343 36
344 37
345 37
346 37
347 37
348 38
349 38
350 38
351 38
352 38
353 38
354 38
355 38
356 38
357 38
358 38
359 38
360 39
361 39
362 39
363 39
364 39
365 39
366 39
367 39
368 40
369 40
370 40
371 40
372 40
373 40
374 40
375 40
376 41
377 41
378 41
379 41
380 41
381 41
382 42
383 42
384 42
385 42
386 42
387 42
388 42
389 42
390 43
391 43
392 43
393 43
394 43
395 44
396 44
397 44
398 44
399 44
400 44
401 44
402 44
403 45
404 45
405 45
406 45
407 45
408 45
409 45
410 45
411 46
412 46
413 46
414 46
415 46
416 46
417 46
418 46
419 46
420 46
421 46
422 46
423 46
424 46
425 46
426 47
427 47
428 47
429 47
430 47
431 47
432 47
433 47
434 48
435 48
436 48
437 48
438 48
439 48
440 48
441 48
442 49
443 49
444 49
445 49
446 49
447 49
448 49
449 49
450 49
451 49
452 49
453 49
454 49
455 49
456 49
457 4
458 4
459 4
460 4
461 4
462 4
463 4
464 4
465 4
466 4
467 4
468 4
469 4
470 4
471 16
472 16
473 16
474 16
475 16
476 16
477 16
478 16
479 16
480 16
481 23
482 23
483 23
484 23
485 23
486 23
487 23
488 23
489 23
490 23
491 23
492 23
493 23
494 23
495 24
496 24
497 24
498 24
499 24
500 24
501 24
502 24
503 24
504 24
505 24
506 26
507 26
508 26
509 26
510 26
511 26
512 26
513 26
514 26
515 26
516 26
517 26
518 26
519 26
520 26
521 30
522 30
523 30
524 30
525 30
526 30
527 30
528 30
529 30
530 30
531 30
532 31
533 31
534 31
535 31
536 31
537 31
538 31
539 31
540 31
541 31
542 32
543 32
544 32
545 32
546 32
547 32
548 32
549 32
550 32
551 32
552 32
553 48
554 48
555 48
556 48
557 48
558 48
559 48
560 48
561 48
562 48
563 48
564 48
565 48
566 48
567 48
568 5
569 5
570 5
571 5
572 5
573 5
574 5
575 5
576 6
577 6
578 6
579 6
580 6
581 6
582 6
583 6
584 6
585 6
586 6
587 6
588 6
589 6
590 6
591 6
592 6
593 6
594 6
595 13
596 13
597 13
598 13
599 13
600 13
601 13
602 13
603 19
604 19
605 19
606 19
607 19
608 19
609 19
610 19
611 28
612 28
613 28
614 28
615 28
616 28
617 28
618 28
619 28
620 28
621 28
622 28
623 28
624 28
625 28
626 28
627 29
628 29
629 29
630 29
631 29
632 29
633 29
634 29
635 40
636 40
637 40
638 40
639 40
640 40
641 40
642 40
643 40
644 40
645 40
646 40
647 40
648 40
649 40
650 40
651 44
652 44
653 44
654 44
655 44
656 44
657 44
658 44
659 44
660 44
661 44
662 44
663 44
664 44
665 44
666 44
667 44
668 44
669 44
670 44
671 44
672 45
673 45
674 45
675 45
676 45
677 45
678 45
679 45
680 5
681 5
682 5
683 5
684 5
685 5
686 5
687 5
688 13
689 13
690 13
691 13
692 13
693 13
694 13
695 13
696 19
697 19
698 19
699 19
700 19
701 19
702 19
703 19
704 29
705 29
706 29
707 29
708 29
709 29
710 29
711 29
712 45
713 45
714 45
715 45
716 45
717 45
718 45
719 45
720 5
721 5
722 5
723 5
724 5
725 5
726 5
727 5
728 13
729 13
730 13
731 13
732 13
733 13
734 13
735 13
736 19
737 19
738 19
739 19
740 19
741 19
742 19
743 19
744 29
745 29
746 29
747 29
748 29
749 29
750 29
751 29
752 45
753 45
754 45
755 45
756 45
757 45
758 45
759 45
760 5
761 5
762 5
763 5
764 5
765 5
766 5
767 5
768 13
769 13
770 13
771 13
772 13
773 13
774 13
775 13
776 19
777 19
778 19
779 19
780 19
781 19
782 19
783 19
784 29
785 29
786 29
787 29
788 29
789 29
790 29
791 29
792 45
793 45
794 45
795 45
796 45
797 45
798 45
799 45
800 5
801 5
802 5
803 5
804 5
805 5
806 5
807 5
808 13
809 13
810 13
811 13
812 13
813 13
814 13
815 13
816 19
817 19
818 19
819 19
820 19
821 19
822 19
823 19
824 29
825 29
826 29
827 29
828 29
829 29
830 29
831 29
832 45
833 45
834 45
835 45
836 45
837 45
838 45
839 45
840 5
841 5
842 5
843 5
844 5
845 5
846 5
847 5
848 5
849 5
850 5
851 5
852 5
853 5
854 5
855 5
856 5
857 5
858 5
859 5
860 13
861 13
862 13
863 13
864 13
865 13
866 13
867 13
868 19
869 19
870 19
871 19
872 19
873 19
874 19
875 19
876 29
877 29
878 29
879 29
880 29
881 29
882 29
883 29
884 45
885 45
886 45
887 45
888 45
889 45
890 45
891 45
892 45
893 45
894 45
895 45
896 45
897 45
898 45
899 45
900 13
901 13
902 13
903 13
904 13
905 13
906 13
907 13
908 13
909 13
910 13
911 13
912 13
913 13
914 13
915 13
916 13
917 19
918 19
919 19
920 19
921 19
922 19
923 19
924 19
925 19
926 19
927 19
928 19
929 19
930 19
931 19
932 19
933 19
934 19
935 19
936 19
937 19
938 29
939 29
940 29
941 29
942 29
943 29
944 29
945 29
946 29
947 29
948 29
949 29
950 29
951 29
952 29
953 29
954 29
955 29
956 29
957 29
958 29
959 29
960 29
961 29
962 29
963 29
964 29
965 29
966 29
967 29
968 29
969 29
970 29
971 29
972 29
973 7
974 7
975 7
976 7
977 7
978 7
979 7
980 7
981 18
982 18
983 18
984 18
985 18
986 18
987 18
988 18
989 18
990 18
991 18
992 18
993 18
994 18
995 18
996 18
997 18
998 18
999 33
1000 33
1001 33
1002 33
1003 33
1004 33
1005 33
1006 33
1007 34
1008 34
1009 34
1010 34
1011 34
1012 34
1013 34
1014 34
1015 36
1016 36
1017 36
1018 36
1019 36
1020 36
1021 36
1022 36
1023 36
1024 36
1025 36
1026 36
1027 36
1028 36
1029 36
1030 36
1031 39
1032 39
1033 39
1034 39
1035 39
1036 39
1037 39
1038 39
1039 39
1040 39
1041 39
1042 39
1043 39
1044 39
1045 39
1046 39
1047 39
1048 39
1049 39
1050 39
1051 39
1052 42
1053 42
1054 42
1055 42
1056 42
1057 42
1058 42
1059 42
1060 47
1061 47
1062 47
1063 47
1064 47
1065 47
1066 47
1067 47
1068 47
1069 47
1070 47
1071 47
1072 47
1073 47
1074 47
1075 47
1076 47
1077 47
1078 7
1079 7
1080 7
1081 7
1082 7
1083 7
1084 7
1085 7
1086 33
1087 33
1088 33
1089 33
1090 33
1091 33
1092 33
1093 33
1094 34
1095 34
1096 34
1097 34
1098 34
1099 34
1100 34
1101 34
1102 42
1103 42
1104 42
1105 42
1106 42
1107 42
1108 42
1109 42
1110 7
1111 7
1112 7
1113 7
1114 7
1115 7
1116 7
1117 7
1118 33
1119 33
1120 33
1121 33
1122 33
1123 33
1124 33
1125 33
1126 34
1127 34
1128 34
1129 34
1130 34
1131 34
1132 34
1133 34
1134 42
1135 42
1136 42
1137 42
1138 42
1139 42
1140 42
1141 42
1142 7
1143 7
1144 7
1145 7
1146 7
1147 7
1148 7
1149 7
1150 33
1151 33
1152 33
1153 33
1154 33
1155 33
1156 33
1157 33
1158 34
1159 34
1160 34
1161 34
1162 34
1163 34
1164 34
1165 34
1166 34
1167 34
1168 34
1169 34
1170 34
1171 34
1172 34
1173 34
1174 34
1175 34
1176 34
1177 34
1178 34
1179 34
1180 34
1181 42
1182 42
1183 42
1184 42
1185 42
1186 42
1187 42
1188 42
1189 7
1190 7
1191 7
1192 7
1193 7
1194 7
1195 7
1196 7
1197 33
1198 33
1199 33
1200 33
1201 33
1202 33
1203 33
1204 33
1205 42
1206 42
1207 42
1208 42
1209 42
1210 42
1211 42
1212 42
1213 7
1214 7
1215 7
1216 7
1217 7
1218 7
1219 7
1220 7
1221 33
1222 33
1223 33
1224 33
1225 33
1226 33
1227 33
1228 33
1229 42
1230 42
1231 42
1232 42
1233 42
1234 42
1235 42
1236 42
1237 42
1238 42
1239 42
1240 42
1241 42
1242 42
1243 42
1244 42
1245 7
1246 7
1247 7
1248 7
1249 7
1250 7
1251 7
1252 7
1253 33
1254 33
1255 33
1256 33
1257 33
1258 33
1259 33
1260 33
1261 7
1262 7
1263 7
1264 7
1265 7
1266 7
1267 7
1268 7
1269 33
1270 33
1271 33
1272 33
1273 33
1274 33
1275 33
1276 33
1277 7
1278 7
1279 7
1280 7
1281 7
1282 7
1283 7
1284 7
1285 7
1286 7
1287 7
1288 7
1289 7
1290 7
1291 7
1292 7
1293 7
1294 7
1295 7
1296 7
1297 7
1298 7
1299 7
1300 33
1301 33
1302 33
1303 33
1304 33
1305 33
1306 33
1307 33
1308 33
1309 33
1310 33
1311 33
1312 33
1313 33
1314 33
1315 33
1316 33
1317 33
1318 33
1319 33
1320 33
1321 33
1322 33
1323 33
1324 33
1325 33
1326 -1
