0 -1
1 -1
2 -1
3 -1
4 0
5 0
6 0
7 0
8 0
9 0
10 0
11 0
12 0
13 -1
14 1
15 1
16 1
17 1
18 1
19 1
20 1
21 1
22 2
23 2
24 2
25 2
26 2
27 2
28 2
29 2
30 3
31 3
32 3
33 3
34 3
35 3
36 3
37 3
38 3
39 3
40 3
41 3
42 3
43 3
44 4
45 4
46 4
47 4
48 4
49 4
50 4
51 4
52 5
53 5
54 5
55 5
56 5
57 5
58 5
59 5
60 6
61 6
62 6
63 6
64 7
65 7
66 7
67 7
68 7
69 7
70 7
71 8
72 8
73 8
74 8
75 8
76 8
77 8
78 8
79 9
80 9
81 9
82 9
83 9
84 9
85 9
86 9
87 10
88 10
89 11
90 11
91 11
92 11
93 11
94 11
95 11
96 11
97 12
98 12
99 12
100 12
101 12
102 12
103 12
104 12
105 12
106 12
107 12
108 12
109 12
110 13
111 13
112 13
113 13
114 13
115 13
116 13
117 13
118 14
119 14
120 14
121 14
122 14
123 14
124 14
125 14
126 15
127 15
128 15
129 15
130 15
131 15
132 15
133 15
134 16
135 16
136 16
137 16
138 17
139 17
140 17
141 17
142 17
143 17
144 17
145 17
146 18
147 18
148 18
149 19
150 19
151 19
152 19
153 19
154 19
155 19
156 19
157 20
158 20
159 20
160 20
161 20
162 20
163 20
164 20
165 21
166 21
167 21
168 21
169 21
170 21
171 21
172 21
173 21
174 21
175 21
176 22
177 22
178 22
179 22
180 22
181 22
182 22
183 22
184 22
185 22
186 23
187 23
188 23
189 23
190 23
191 23
192 23
193 23
194 24
195 24
196 24
197 24
198 24
199 24
200 24
201 24
202 24
203 25
204 25
205 25
206 25
207 25
208 25
209 25
210 25
211 26
212 26
213 26
214 26
215 26
216 26
217 26
218 26
219 27
220 27
221 27
222 27
223 27
224 27
225 27
226 27
227 28
228 28
229 28
230 28
231 28
232 28
233 28
234 28
235 29
236 29
237 29
238 29
239 29
240 29
241 29
242 29
243 29
244 29
245 29
246 29
247 30
248 30
249 30
250 30
251 30
252 30
253 30
254 30
255 30
256 30
257 30
258 30
259 30
260 31
261 31
262 31
263 31
264 31
265 31
266 31
267 31
268 32
269 32
270 32
271 32
272 32
273 32
274 32
275 32
276 33
277 33
278 33
279 33
280 33
281 33
282 33
283 33
284 34
285 34
286 34
287 34
288 34
289 34
290 34
291 34
292 35
293 35
294 35
295 35
296 35
297 35
298 35
299 35
300 36
301 36
302 36
303 36
304 36
305 36
306 36
307 36
308 37
309 37
310 37
311 37
312 37
313 37
314 37
315 37
316 37
317 37
318 37
319 38
320 38
321 38
322 38
323 38
324 38
325 39
326 39
327 39
328 39
329 39
330 39
331 39
332 39
333 40
334 40
335 40
336 40
337 40
338 40
339 40
340 40
341 41
342 41
343 41
344 42
345 42
346 42
347 42
348 42
349 42
350 42
351 42
352 42
353 42
354 43
355 43
356 43
357 43
358 43
359 43
360 43
361 43
362 44
363 44
364 44
365 44
366 44
367 44
368 44
369 44
370 45
371 45
372 45
373 45
374 45
375 45
376 45
377 45
378 46
379 46
380 46
381 46
382 46
383 47
384 47
385 47
386 47
387 47
388 47
389 47
390 47
391 47
392 47
393 47
394 47
395 47
396 47
397 47
398 47
399 48
400 48
401 48
402 48
403 48
404 48
405 48
406 48
407 49
408 49
409 49
410 49
411 49
412 49
413 49
414 49
415 2
416 2
417 2
418 2
419 2
420 2
421 2
422 2
423 2
424 2
425 2
426 2
427 2
428 2
429 2
430 5
431 5
432 5
433 5
434 5
435 5
436 5
437 5
438 8
439 8
440 8
441 8
442 8
443 8
444 8
445 8
446 8
447 9
448 9
449 9
450 9
451 9
452 9
453 9
454 9
455 9
456 9
457 9
458 9
459 9
460 9
461 9
462 14
463 14
464 14
465 14
466 14
467 14
468 14
469 14
470 15
471 15
472 15
473 15
474 15
475 15
476 15
477 15
478 15
479 15
480 15
481 15
482 15
483 17
484 17
485 17
486 17
487 17
488 17
489 17
490 17
491 17
492 17
493 19
494 19
495 19
496 19
497 19
498 19
499 19
500 19
501 19
502 19
503 19
504 20
505 20
506 20
507 20
508 20
509 20
510 20
511 20
512 27
513 27
514 27
515 27
516 27
517 27
518 27
519 27
520 27
521 27
522 27
523 27
524 27
525 27
526 27
527 28
528 28
529 28
530 28
531 28
532 28
533 28
534 28
535 28
536 28
537 28
538 28
539 31
540 31
541 31
542 31
543 31
544 31
545 31
546 31
547 32
548 32
549 32
550 32
551 32
552 32
553 32
554 32
555 34
556 34
557 34
558 34
559 34
560 34
561 34
562 34
563 34
564 34
565 34
566 36
567 36
568 36
569 36
570 36
571 36
572 36
573 36
574 45
575 45
576 45
577 45
578 45
579 45
580 45
581 45
582 45
583 45
584 45
585 48
586 48
587 48
588 48
589 48
590 48
591 48
592 48
593 48
594 48
595 48
596 48
597 48
598 48
599 49
600 49
601 49
602 49
603 49
604 49
605 49
606 49
607 5
608 5
609 5
610 5
611 5
612 5
613 5
614 5
615 5
616 5
617 14
618 14
619 14
620 14
621 14
622 14
623 14
624 14
625 20
626 20
627 20
628 20
629 20
630 20
631 20
632 20
633 20
634 31
635 31
636 31
637 31
638 31
639 31
640 31
641 31
642 32
643 32
644 32
645 32
646 32
647 32
648 32
649 32
650 32
651 32
652 36
653 36
654 36
655 36
656 36
657 36
658 36
659 36
660 49
661 49
662 49
663 49
664 49
665 49
666 49
667 49
668 14
669 14
670 14
671 14
672 14
673 14
674 14
675 14
676 31
677 31
678 31
679 31
680 31
681 31
682 31
683 31
684 36
685 36
686 36
687 36
688 36
689 36
690 36
691 36
692 49
693 49
694 49
695 49
696 49
697 49
698 49
699 49
700 14
701 14
702 14
703 14
704 14
705 14
706 14
707 14
708 31
709 31
710 31
711 31
712 31
713 31
714 31
715 31
716 36
717 36
718 36
719 36
720 36
721 36
722 36
723 36
724 49
725 49
726 49
727 49
728 49
729 49
730 49
731 49
732 14
733 14
734 14
735 14
736 14
737 14
738 14
739 14
740 31
741 31
742 31
743 31
744 31
745 31
746 31
747 31
748 36
749 36
750 36
751 36
752 36
753 36
754 36
755 36
756 49
757 49
758 49
759 49
760 49
761 49
762 49
763 49
764 14
765 14
766 14
767 14
768 14
769 14
770 14
771 14
772 31
773 31
774 31
775 31
776 31
777 31
778 31
779 31
780 31
781 31
782 31
783 31
784 31
785 31
786 36
787 36
788 36
789 36
790 36
791 36
792 36
793 36
794 36
795 36
796 36
797 36
798 49
799 49
800 49
801 49
802 49
803 49
804 49
805 49
806 14
807 14
808 14
809 14
810 14
811 14
812 14
813 14
814 49
815 49
816 49
817 49
818 49
819 49
820 49
821 49
822 14
823 14
824 14
825 14
826 14
827 14
828 14
829 14
830 49
831 49
832 49
833 49
834 49
835 49
836 49
837 49
838 14
839 14
840 14
841 14
842 14
843 14
844 14
845 14
846 49
847 49
848 49
849 49
850 49
851 49
852 49
853 49
854 49
855 49
856 49
857 49
858 49
859 49
860 49
861 49
862 14
863 14
864 14
865 14
866 14
867 14
868 14
869 14
870 14
871 14
872 14
873 14
874 14
875 14
876 1
877 1
878 1
879 1
880 1
881 1
882 1
883 1
884 1
885 1
886 1
887 1
888 1
889 11
890 11
891 11
892 11
893 11
894 11
895 11
896 11
897 13
898 13
899 13
900 13
901 13
902 13
903 13
904 13
905 13
906 13
907 23
908 23
909 23
910 23
911 23
912 23
913 23
914 23
915 23
916 23
917 25
918 25
919 25
920 25
921 25
922 25
923 25
924 25
925 26
926 26
927 26
928 26
929 26
930 26
931 26
932 26
933 33
934 33
935 33
936 33
937 33
938 33
939 33
940 33
941 35
942 35
943 35
944 35
945 35
946 35
947 35
948 35
949 39
950 39
951 39
952 39
953 39
954 39
955 39
956 39
957 39
958 40
959 40
960 40
961 40
962 40
963 40
964 40
965 40
966 43
967 43
968 43
969 43
970 43
971 43
972 43
973 43
974 44
975 44
976 44
977 44
978 44
979 44
980 44
981 44
982 11
983 11
984 11
985 11
986 11
987 11
988 11
989 11
990 25
991 25
992 25
993 25
994 25
995 25
996 25
997 25
998 26
999 26
1000 26
1001 26
1002 26
1003 26
1004 26
1005 26
1006 33
1007 33
1008 33
1009 33
1010 33
1011 33
1012 33
1013 33
1014 35
1015 35
1016 35
1017 35
1018 35
1019 35
1020 35
1021 35
1022 40
1023 40
1024 40
1025 40
1026 40
1027 40
1028 40
1029 40
1030 43
1031 43
1032 43
1033 43
1034 43
1035 43
1036 43
1037 43
1038 44
1039 44
1040 44
1041 44
1042 44
1043 44
1044 44
1045 44
1046 44
1047 44
1048 11
1049 11
1050 11
1051 11
1052 11
1053 11
1054 11
1055 11
1056 25
1057 25
1058 25
1059 25
1060 25
1061 25
1062 25
1063 25
1064 26
1065 26
1066 26
1067 26
1068 26
1069 26
1070 26
1071 26
1072 33
1073 33
1074 33
1075 33
1076 33
1077 33
1078 33
1079 33
1080 35
1081 35
1082 35
1083 35
1084 35
1085 35
1086 35
1087 35
1088 40
1089 40
1090 40
1091 40
1092 40
1093 40
1094 40
1095 40
1096 43
1097 43
1098 43
1099 43
1100 43
1101 43
1102 43
1103 43
1104 11
1105 11
1106 11
1107 11
1108 11
1109 11
1110 11
1111 11
1112 25
1113 25
1114 25
1115 25
1116 25
1117 25
1118 25
1119 25
1120 26
1121 26
1122 26
1123 26
1124 26
1125 26
1126 26
1127 26
1128 33
1129 33
1130 33
1131 33
1132 33
1133 33
1134 33
1135 33
1136 35
1137 35
1138 35
1139 35
1140 35
1141 35
1142 35
1143 35
1144 40
1145 40
1146 40
1147 40
1148 40
1149 40
1150 40
1151 40
1152 43
1153 43
1154 43
1155 43
1156 43
1157 43
1158 43
1159 43
1160 11
1161 11
1162 11
1163 11
1164 11
1165 11
1166 11
1167 11
1168 25
1169 25
1170 25
1171 25
1172 25
1173 25
1174 25
1175 25
1176 26
1177 26
1178 26
1179 26
1180 26
1181 26
1182 26
1183 26
1184 33
1185 33
1186 33
1187 33
1188 33
1189 33
1190 33
1191 33
1192 35
1193 35
1194 35
1195 35
1196 35
1197 35
1198 35
1199 35
1200 40
1201 40
1202 40
1203 40
1204 40
1205 40
1206 40
1207 40
1208 43
1209 43
1210 43
1211 43
1212 43
1213 43
1214 43
1215 43
1216 11
1217 11
1218 11
1219 11
1220 11
1221 11
1222 11
1223 11
1224 25
1225 25
1226 25
1227 25
1228 25
1229 25
1230 25
1231 25
1232 26
1233 26
1234 26
1235 26
1236 26
1237 26
1238 26
1239 26
1240 33
1241 33
1242 33
1243 33
1244 33
1245 33
1246 33
1247 33
1248 35
1249 35
1250 35
1251 35
1252 35
1253 35
1254 35
1255 35
1256 35
1257 35
1258 35
1259 35
1260 40
1261 40
1262 40
1263 40
1264 40
1265 40
1266 40
1267 40
1268 40
1269 40
1270 40
1271 40
1272 40
1273 43
1274 43
1275 43
1276 43
1277 43
1278 43
1279 43
1280 43
1281 11
1282 11
1283 11
1284 11
1285 11
1286 11
1287 11
1288 11
1289 25
1290 25
1291 25
1292 25
1293 25
1294 25
1295 25
1296 25
1297 26
1298 26
1299 26
1300 26
1301 26
1302 26
1303 26
1304 26
1305 26
1306 26
1307 26
1308 33
1309 33
1310 33
1311 33
1312 33
1313 33
1314 33
1315 33
1316 43
1317 43
1318 43
1319 43
1320 43
1321 43
1322 43
1323 43
1324 43
1325 11
1326 11
1327 11
1328 11
1329 11
1330 11
1331 11
1332 11
1333 25
1334 25
1335 25
1336 25
1337 25
1338 25
1339 25
1340 25
1341 33
1342 33
1343 33
1344 33
1345 33
1346 33
1347 33
1348 33
1349 11
1350 11
1351 11
1352 11
1353 11
1354 11
1355 11
1356 11
1357 25
1358 25
1359 25
1360 25
1361 25
1362 25
1363 25
1364 25
1365 25
1366 25
1367 33
1368 33
1369 33
1370 33
1371 33
1372 33
1373 33
1374 33
1375 11
1376 11
1377 11
1378 11
1379 11
1380 11
1381 11
1382 11
1383 11
1384 11
1385 11
1386 11
1387 11
1388 11
1389 11
1390 11
1391 33
1392 33
1393 33
1394 33
1395 33
1396 33
1397 33
1398 33
1399 33
1400 33
1401 33
1402 33
1403 33
1404 33
1405 33
1406 -1
