0 -1
1 -1
2 -1
3 -1
4 -1
5 -1
6 -1
7 -1
8 0
9 0
10 0
11 0
12 0
13 0
14 0
15 0
16 1
17 1
18 1
19 1
20 1
21 1
22 1
23 1
24 2
25 2
26 2
27 2
28 2
29 2
30 2
31 2
32 3
33 3
34 3
35 4
36 4
37 4
38 4
39 4
40 4
41 4
42 4
43 5
44 5
45 5
46 5
47 5
48 5
49 5
50 5
51 6
52 6
53 6
54 6
55 6
56 6
57 6
58 6
59 6
60 6
61 6
62 6
63 6
64 6
65 6
66 7
67 7
68 7
69 7
70 7
71 7
72 7
73 7
74 8
75 8
76 8
77 8
78 8
79 8
80 8
81 8
82 9
83 9
84 9
85 10
86 10
87 10
88 10
89 10
90 10
91 10
92 10
93 10
94 10
95 10
96 10
97 10
98 11
99 11
100 11
101 11
102 11
103 11
104 11
105 11
106 12
107 12
108 12
109 12
110 12
111 12
112 12
113 12
114 13
115 13
116 13
117 13
118 13
119 13
120 13
121 13
122 14
123 14
124 14
125 14
126 14
127 14
128 14
129 14
130 15
131 15
132 15
133 15
134 15
135 15
136 15
137 15
138 16
139 16
140 16
141 16
142 16
143 16
144 16
145 16
146 17
147 17
148 17
149 17
150 17
151 17
152 17
153 17
154 18
155 18
156 18
157 18
158 18
159 18
160 18
161 18
162 18
163 18
164 18
165 18
166 19
167 19
168 19
169 19
170 19
171 19
172 19
173 19
174 20
175 20
176 20
177 20
178 20
179 20
180 20
181 20
182 21
183 21
184 21
185 21
186 21
187 21
188 21
189 21
190 22
191 22
192 22
193 22
194 22
195 22
196 22
197 22
198 23
199 23
200 23
201 23
202 23
203 23
204 23
205 23
206 23
207 24
208 24
209 24
210 24
211 24
212 24
213 24
214 24
215 24
216 24
217 24
218 24
219 25
220 25
221 25
222 25
223 25
224 25
225 25
226 25
227 26
228 26
229 26
230 26
231 26
232 26
233 26
234 26
235 27
236 27
237 27
238 27
239 27
240 27
241 27
242 27
243 28
244 28
245 28
246 28
247 28
248 28
249 28
250 28
251 29
252 29
253 29
254 29
255 29
256 29
257 29
258 29
259 30
260 30
261 30
262 30
263 30
264 30
265 30
266 30
267 31
268 31
269 31
270 31
271 31
272 31
273 31
274 31
275 32
276 32
277 32
278 32
279 32
280 32
281 32
282 32
283 33
284 33
285 33
286 33
287 33
288 33
289 33
290 33
291 34
292 34
293 34
294 34
295 34
296 34
297 34
298 34
299 35
300 35
301 35
302 35
303 35
304 35
305 35
306 35
307 35
308 35
309 35
310 35
311 35
312 35
313 35
314 36
315 36
316 36
317 36
318 36
319 36
320 36
321 36
322 37
323 37
324 37
325 37
326 37
327 37
328 37
329 37
330 37
331 37
332 37
333 37
334 37
335 37
336 38
337 38
338 38
339 38
340 39
341 39
342 39
343 39
344 39
345 39
346 39
347 39
348 39
349 39
350 39
351 40
352 40
353 40
354 40
355 40
356 40
357 40
358 40
359 41
360 41
361 41
362 41
363 41
364 41
365 41
366 41
367 42
368 42
369 42
370 42
371 42
372 42
373 42
374 42
375 43
376 43
377 43
378 43
379 43
380 43
381 43
382 43
383 43
384 43
385 43
386 43
387 43
388 44
389 44
390 44
391 44
392 44
393 44
394 44
395 44
396 44
397 45
398 45
399 45
400 45
401 45
402 45
403 45
404 45
405 46
406 46
407 46
408 46
409 46
410 46
411 46
412 46
413 46
414 46
415 46
416 47
417 47
418 47
419 47
420 47
421 47
422 47
423 47
424 48
425 48
426 48
427 48
428 48
429 48
430 48
431 48
432 49
433 49
434 49
435 49
436 49
437 49
438 49
439 49
440 49
441 49
442 49
443 49
444 49
445 49
446 49
447 2
448 2
449 2
450 2
451 2
452 2
453 2
454 2
455 2
456 2
457 2
458 2
459 2
460 4
461 4
462 4
463 4
464 4
465 4
466 4
467 4
468 4
469 4
470 4
471 4
472 4
473 7
474 7
475 7
476 7
477 7
478 7
479 7
480 7
481 8
482 8
483 8
484 8
485 8
486 8
487 8
488 8
489 8
490 8
491 8
492 8
493 8
494 8
495 8
496 8
497 14
498 14
499 14
500 14
501 14
502 14
503 14
504 14
505 15
506 15
507 15
508 15
509 15
510 15
511 15
512 15
513 16
514 16
515 16
516 16
517 16
518 16
519 16
520 16
521 16
522 19
523 19
524 19
525 19
526 19
527 19
528 19
529 19
530 19
531 19
532 19
533 20
534 20
535 20
536 20
537 20
538 20
539 20
540 20
541 20
542 20
543 20
544 20
545 20
546 20
547 21
548 21
549 21
550 21
551 21
552 21
553 21
554 21
555 22
556 22
557 22
558 22
559 22
560 22
561 22
562 22
563 25
564 25
565 25
566 25
567 25
568 25
569 25
570 25
571 27
572 27
573 27
574 27
575 27
576 27
577 27
578 27
579 27
580 31
581 31
582 31
583 31
584 31
585 31
586 31
587 31
588 32
589 32
590 32
591 32
592 32
593 32
594 32
595 32
596 33
597 33
598 33
599 33
600 33
601 33
602 33
603 33
604 34
605 34
606 34
607 34
608 34
609 34
610 34
611 34
612 40
613 40
614 40
615 40
616 40
617 40
618 40
619 40
620 41
621 41
622 41
623 41
624 41
625 41
626 41
627 41
628 42
629 42
630 42
631 42
632 42
633 42
634 42
635 42
636 45
637 45
638 45
639 45
640 45
641 45
642 45
643 45
644 48
645 48
646 48
647 48
648 48
649 48
650 48
651 48
652 7
653 7
654 7
655 7
656 7
657 7
658 7
659 7
660 7
661 7
662 7
663 14
664 14
665 14
666 14
667 14
668 14
669 14
670 14
671 14
672 14
673 14
674 15
675 15
676 15
677 15
678 15
679 15
680 15
681 15
682 21
683 21
684 21
685 21
686 21
687 21
688 21
689 21
690 22
691 22
692 22
693 22
694 22
695 22
696 22
697 22
698 25
699 25
700 25
701 25
702 25
703 25
704 25
705 25
706 25
707 25
708 25
709 25
710 25
711 31
712 31
713 31
714 31
715 31
716 31
717 31
718 31
719 32
720 32
721 32
722 32
723 32
724 32
725 32
726 32
727 33
728 33
729 33
730 33
731 33
732 33
733 33
734 33
735 33
736 33
737 34
738 34
739 34
740 34
741 34
742 34
743 34
744 34
745 40
746 40
747 40
748 40
749 40
750 40
751 40
752 40
753 41
754 41
755 41
756 41
757 41
758 41
759 41
760 41
761 41
762 42
763 42
764 42
765 42
766 42
767 42
768 42
769 42
770 42
771 42
772 45
773 45
774 45
775 45
776 45
777 45
778 45
779 45
780 45
781 45
782 45
783 45
784 45
785 48
786 48
787 48
788 48
789 48
790 48
791 48
792 48
793 48
794 48
795 48
796 48
797 48
798 15
799 15
800 15
801 15
802 15
803 15
804 15
805 15
806 21
807 21
808 21
809 21
810 21
811 21
812 21
813 21
814 22
815 22
816 22
817 22
818 22
819 22
820 22
821 22
822 31
823 31
824 31
825 31
826 31
827 31
828 31
829 31
830 32
831 32
832 32
833 32
834 32
835 32
836 32
837 32
838 34
839 34
840 34
841 34
842 34
843 34
844 34
845 34
846 40
847 40
848 40
849 40
850 40
851 40
852 40
853 40
854 15
855 15
856 15
857 15
858 15
859 15
860 15
861 15
862 21
863 21
864 21
865 21
866 21
867 21
868 21
869 21
870 22
871 22
872 22
873 22
874 22
875 22
876 22
877 22
878 31
879 31
880 31
881 31
882 31
883 31
884 31
885 31
886 32
887 32
888 32
889 32
890 32
891 32
892 32
893 32
894 34
895 34
896 34
897 34
898 34
899 34
900 34
901 34
902 40
903 40
904 40
905 40
906 40
907 40
908 40
909 40
910 15
911 15
912 15
913 15
914 15
915 15
916 15
917 15
918 21
919 21
920 21
921 21
922 21
923 21
924 21
925 21
926 22
927 22
928 22
929 22
930 22
931 22
932 22
933 22
934 31
935 31
936 31
937 31
938 31
939 31
940 31
941 31
942 32
943 32
944 32
945 32
946 32
947 32
948 32
949 32
950 34
951 34
952 34
953 34
954 34
955 34
956 34
957 34
958 40
959 40
960 40
961 40
962 40
963 40
964 40
965 40
966 15
967 15
968 15
969 15
970 15
971 15
972 15
973 15
974 21
975 21
976 21
977 21
978 21
979 21
980 21
981 21
982 22
983 22
984 22
985 22
986 22
987 22
988 22
989 22
990 31
991 31
992 31
993 31
994 31
995 31
996 31
997 31
998 32
999 32
1000 32
1001 32
1002 32
1003 32
1004 32
1005 32
1006 32
1007 32
1008 32
1009 32
1010 32
1011 32
1012 34
1013 34
1014 34
1015 34
1016 34
1017 34
1018 34
1019 34
1020 40
1021 40
1022 40
1023 40
1024 40
1025 40
1026 40
1027 40
1028 40
1029 40
1030 40
1031 15
1032 15
1033 15
1034 15
1035 15
1036 15
1037 15
1038 15
1039 15
1040 15
1041 15
1042 21
1043 21
1044 21
1045 21
1046 21
1047 21
1048 21
1049 21
1050 22
1051 22
1052 22
1053 22
1054 22
1055 22
1056 22
1057 22
1058 31
1059 31
1060 31
1061 31
1062 31
1063 31
1064 31
1065 31
1066 34
1067 34
1068 34
1069 34
1070 34
1071 34
1072 34
1073 34
1074 34
1075 34
1076 34
1077 34
1078 21
1079 21
1080 21
1081 21
1082 21
1083 21
1084 21
1085 21
1086 22
1087 22
1088 22
1089 22
1090 22
1091 22
1092 22
1093 22
1094 31
1095 31
1096 31
1097 31
1098 31
1099 31
1100 31
1101 31
1102 21
1103 21
1104 21
1105 21
1106 21
1107 21
1108 21
1109 21
1110 22
1111 22
1112 22
1113 22
1114 22
1115 22
1116 22
1117 22
1118 31
1119 31
1120 31
1121 31
1122 31
1123 31
1124 31
1125 31
1126 21
1127 21
1128 21
1129 21
1130 21
1131 21
1132 21
1133 21
1134 21
1135 21
1136 21
1137 21
1138 21
1139 21
1140 21
1141 22
1142 22
1143 22
1144 22
1145 22
1146 22
1147 22
1148 22
1149 22
1150 22
1151 22
1152 31
1153 31
1154 31
1155 31
1156 31
1157 31
1158 31
1159 31
1160 31
1161 31
1162 31
1163 31
1164 31
1165 0
1166 0
1167 0
1168 0
1169 0
1170 0
1171 0
1172 0
1173 1
1174 1
1175 1
1176 1
1177 1
1178 1
1179 1
1180 1
1181 5
1182 5
1183 5
1184 5
1185 5
1186 5
1187 5
1188 5
1189 11
1190 11
1191 11
1192 11
1193 11
1194 11
1195 11
1196 11
1197 12
1198 12
1199 12
1200 12
1201 12
1202 12
1203 12
1204 12
1205 13
1206 13
1207 13
1208 13
1209 13
1210 13
1211 13
1212 13
1213 13
1214 17
1215 17
1216 17
1217 17
1218 17
1219 17
1220 17
1221 17
1222 26
1223 26
1224 26
1225 26
1226 26
1227 26
1228 26
1229 26
1230 26
1231 26
1232 28
1233 28
1234 28
1235 28
1236 28
1237 28
1238 28
1239 28
1240 28
1241 28
1242 28
1243 28
1244 29
1245 29
1246 29
1247 29
1248 29
1249 29
1250 29
1251 29
1252 30
1253 30
1254 30
1255 30
1256 30
1257 30
1258 30
1259 30
1260 47
1261 47
1262 47
1263 47
1264 47
1265 47
1266 47
1267 47
1268 0
1269 0
1270 0
1271 0
1272 0
1273 0
1274 0
1275 0
1276 1
1277 1
1278 1
1279 1
1280 1
1281 1
1282 1
1283 1
1284 1
1285 5
1286 5
1287 5
1288 5
1289 5
1290 5
1291 5
1292 5
1293 11
1294 11
1295 11
1296 11
1297 11
1298 11
1299 11
1300 11
1301 12
1302 12
1303 12
1304 12
1305 12
1306 12
1307 12
1308 12
1309 12
1310 12
1311 12
1312 12
1313 17
1314 17
1315 17
1316 17
1317 17
1318 17
1319 17
1320 17
1321 17
1322 17
1323 29
1324 29
1325 29
1326 29
1327 29
1328 29
1329 29
1330 29
1331 30
1332 30
1333 30
1334 30
1335 30
1336 30
1337 30
1338 30
1339 47
1340 47
1341 47
1342 47
1343 47
1344 47
1345 47
1346 47
1347 47
1348 47
1349 47
1350 0
1351 0
1352 0
1353 0
1354 0
1355 0
1356 0
1357 0
1358 5
1359 5
1360 5
1361 5
1362 5
1363 5
1364 5
1365 5
1366 11
1367 11
1368 11
1369 11
1370 11
1371 11
1372 11
1373 11
1374 29
1375 29
1376 29
1377 29
1378 29
1379 29
1380 29
1381 29
1382 30
1383 30
1384 30
1385 30
1386 30
1387 30
1388 30
1389 30
1390 0
1391 0
1392 0
1393 0
1394 0
1395 0
1396 0
1397 0
1398 5
1399 5
1400 5
1401 5
1402 5
1403 5
1404 5
1405 5
1406 11
1407 11
1408 11
1409 11
1410 11
1411 11
1412 11
1413 11
1414 29
1415 29
1416 29
1417 29
1418 29
1419 29
1420 29
1421 29
1422 30
1423 30
1424 30
1425 30
1426 30
1427 30
1428 30
1429 30
1430 0
1431 0
1432 0
1433 0
1434 0
1435 0
1436 0
1437 0
1438 5
1439 5
1440 5
1441 5
1442 5
1443 5
1444 5
1445 5
1446 11
1447 11
1448 11
1449 11
1450 11
1451 11
1452 11
1453 11
1454 29
1455 29
1456 29
1457 29
1458 29
1459 29
1460 29
1461 29
1462 30
1463 30
1464 30
1465 30
1466 30
1467 30
1468 30
1469 30
1470 0
1471 0
1472 0
1473 0
1474 0
1475 0
1476 0
1477 0
1478 5
1479 5
1480 5
1481 5
1482 5
1483 5
1484 5
1485 5
1486 5
1487 5
1488 5
1489 11
1490 11
1491 11
1492 11
1493 11
1494 11
1495 11
1496 11
1497 29
1498 29
1499 29
1500 29
1501 29
1502 29
1503 29
1504 29
1505 30
1506 30
1507 30
1508 30
1509 30
1510 30
1511 30
1512 30
1513 0
1514 0
1515 0
1516 0
1517 0
1518 0
1519 0
1520 0
1521 0
1522 0
1523 0
1524 0
1525 0
1526 0
1527 0
1528 0
1529 11
1530 11
1531 11
1532 11
1533 11
1534 11
1535 11
1536 11
1537 11
1538 11
1539 11
1540 11
1541 11
1542 29
1543 29
1544 29
1545 29
1546 29
1547 29
1548 29
1549 29
1550 30
1551 30
1552 30
1553 30
1554 30
1555 30
1556 30
1557 30
1558 29
1559 29
1560 29
1561 29
1562 29
1563 29
1564 29
1565 29
1566 29
1567 29
1568 29
1569 29
1570 29
1571 29
1572 29
1573 29
1574 30
1575 30
1576 30
1577 30
1578 30
1579 30
1580 30
1581 30
1582 30
1583 30
1584 30
1585 30
1586 30
1587 30
1588 30
1589 30
1590 30
1591 30
1592 30
1593 30
1594 30
1595 30
1596 30
1597 30
1598 30
1599 -1
