0 -1
1 0
2 0
3 0
4 0
5 0
6 0
7 1
8 1
9 1
10 1
11 1
12 1
13 1
14 1
15 1
16 1
17 1
18 2
19 2
20 2
21 2
22 2
23 2
24 2
25 2
26 3
27 3
28 3
29 3
30 3
31 3
32 3
33 3
34 4
35 4
36 4
37 4
38 4
39 4
40 4
41 4
42 5
43 5
44 5
45 5
46 6
47 6
48 6
49 6
50 6
51 6
52 6
53 6
54 7
55 7
56 7
57 7
58 7
59 7
60 7
61 7
62 7
63 7
64 7
65 7
66 7
67 8
68 8
69 8
70 8
71 8
72 8
73 8
74 8
75 9
76 9
77 9
78 9
79 9
80 9
81 9
82 9
83 10
84 10
85 10
86 10
87 10
88 10
89 10
90 10
91 11
92 11
93 11
94 11
95 11
96 11
97 11
98 11
99 12
100 12
101 12
102 12
103 12
104 13
105 13
106 13
107 13
108 13
109 13
110 13
111 13
112 14
113 14
114 14
115 14
116 14
117 14
118 14
119 14
120 15
121 15
122 15
123 15
124 15
125 15
126 15
127 15
128 16
129 16
130 16
131 16
132 16
133 16
134 16
135 16
136 17
137 17
138 17
139 17
140 17
141 17
142 17
143 17
144 18
145 18
146 18
147 18
148 18
149 18
150 18
151 18
152 18
153 18
154 18
155 19
156 19
157 19
158 19
159 19
160 19
161 19
162 19
163 19
164 19
165 20
166 20
167 20
168 20
169 20
170 20
171 20
172 20
173 21
174 21
175 21
176 21
177 21
178 21
179 21
180 21
181 22
182 22
183 22
184 22
185 22
186 22
187 22
188 22
189 23
190 23
191 23
192 23
193 23
194 23
195 23
196 23
197 24
198 24
199 25
200 25
201 25
202 25
203 25
204 25
205 25
206 25
207 25
208 25
209 25
210 25
211 25
212 25
213 25
214 25
215 26
216 26
217 26
218 26
219 26
220 26
221 26
222 26
223 27
224 27
225 27
226 27
227 27
228 27
229 27
230 27
231 27
232 27
233 27
234 27
235 27
236 28
237 28
238 28
239 28
240 28
241 28
242 28
243 28
244 29
245 29
246 29
247 29
248 29
249 29
250 29
251 29
252 30
253 30
254 30
255 30
256 30
257 30
258 30
259 30
260 31
261 31
262 31
263 31
264 31
265 32
266 32
267 32
268 32
269 32
270 32
271 32
272 32
273 33
274 33
275 33
276 33
277 33
278 33
279 33
280 33
281 34
282 34
283 35
284 35
285 35
286 35
287 35
288 35
289 35
290 35
291 35
292 35
293 35
294 35
295 36
296 36
297 36
298 36
299 36
300 36
301 36
302 36
303 37
304 37
305 37
306 37
307 37
308 37
309 37
310 37
311 38
312 38
313 38
314 38
315 38
316 38
317 38
318 38
319 39
320 39
321 40
322 40
323 40
324 40
325 40
326 40
327 40
328 40
329 41
330 41
331 41
332 41
333 41
334 41
335 41
336 41
337 41
338 41
339 41
340 41
341 41
342 41
343 41
344 42
345 42
346 42
347 42
348 42
349 42
350 42
351 42
352 43
353 43
354 43
355 43
356 43
357 43
358 43
359 43
360 43
361 44
362 44
363 44
364 44
365 44
366 44
367 44
368 44
369 44
370 45
371 45
372 45
373 45
374 45
375 45
376 45
377 45
378 46
379 46
380 46
381 46
382 46
383 46
384 46
385 46
386 46
387 46
388 47
389 47
390 47
391 47
392 47
393 47
394 47
395 47
396 48
397 48
398 48
399 48
400 48
401 48
402 48
403 48
404 48
405 48
406 48
407 48
408 48
409 49
410 49
411 49
412 49
413 49
414 49
415 49
416 49
417 4
418 4
419 4
420 4
421 4
422 4
423 4
424 4
425 4
426 4
427 4
428 4
429 4
430 10
431 10
432 10
433 10
434 10
435 10
436 10
437 10
438 10
439 10
440 10
441 10
442 13
443 13
444 13
445 13
446 13
447 13
448 13
449 13
450 13
451 13
452 13
453 13
454 20
455 20
456 20
457 20
458 20
459 20
460 20
461 20
462 20
463 20
464 20
465 20
466 20
467 22
468 22
469 22
470 22
471 22
472 22
473 22
474 22
475 22
476 22
477 22
478 22
479 22
480 23
481 23
482 23
483 23
484 23
485 23
486 23
487 23
488 23
489 23
490 23
491 23
492 23
493 23
494 26
495 26
496 26
497 26
498 26
499 26
500 26
501 26
502 26
503 28
504 28
505 28
506 28
507 28
508 28
509 28
510 28
511 28
512 28
513 28
514 28
515 28
516 28
517 28
518 33
519 33
520 33
521 33
522 33
523 33
524 33
525 33
526 33
527 36
528 36
529 36
530 36
531 36
532 36
533 36
534 36
535 36
536 36
537 36
538 36
539 36
540 36
541 38
542 38
543 38
544 38
545 38
546 38
547 38
548 38
549 38
550 38
551 38
552 38
553 42
554 42
555 42
556 42
557 42
558 42
559 42
560 42
561 42
562 42
563 42
564 42
565 42
566 42
567 8
568 8
569 8
570 8
571 8
572 8
573 8
574 8
575 9
576 9
577 9
578 9
579 9
580 9
581 9
582 9
583 11
584 11
585 11
586 11
587 11
588 11
589 11
590 11
591 15
592 15
593 15
594 15
595 15
596 15
597 15
598 15
599 15
600 15
601 15
602 15
603 15
604 15
605 15
606 15
607 15
608 16
609 16
610 16
611 16
612 16
613 16
614 16
615 16
616 17
617 17
618 17
619 17
620 17
621 17
622 17
623 17
624 32
625 32
626 32
627 32
628 32
629 32
630 32
631 32
632 45
633 45
634 45
635 45
636 45
637 45
638 45
639 45
640 8
641 8
642 8
643 8
644 8
645 8
646 8
647 8
648 9
649 9
650 9
651 9
652 9
653 9
654 9
655 9
656 11
657 11
658 11
659 11
660 11
661 11
662 11
663 11
664 16
665 16
666 16
667 16
668 16
669 16
670 16
671 16
672 17
673 17
674 17
675 17
676 17
677 17
678 17
679 17
680 32
681 32
682 32
683 32
684 32
685 32
686 32
687 32
688 45
689 45
690 45
691 45
692 45
693 45
694 45
695 45
696 8
697 8
698 8
699 8
700 8
701 8
702 8
703 8
704 9
705 9
706 9
707 9
708 9
709 9
710 9
711 9
712 11
713 11
714 11
715 11
716 11
717 11
718 11
719 11
720 16
721 16
722 16
723 16
724 16
725 16
726 16
727 16
728 17
729 17
730 17
731 17
732 17
733 17
734 17
735 17
736 32
737 32
738 32
739 32
740 32
741 32
742 32
743 32
744 45
745 45
746 45
747 45
748 45
749 45
750 45
751 45
752 8
753 8
754 8
755 8
756 8
757 8
758 8
759 8
760 9
761 9
762 9
763 9
764 9
765 9
766 9
767 9
768 11
769 11
770 11
771 11
772 11
773 11
774 11
775 11
776 16
777 16
778 16
779 16
780 16
781 16
782 16
783 16
784 17
785 17
786 17
787 17
788 17
789 17
790 17
791 17
792 32
793 32
794 32
795 32
796 32
797 32
798 32
799 32
800 45
801 45
802 45
803 45
804 45
805 45
806 45
807 45
808 8
809 8
810 8
811 8
812 8
813 8
814 8
815 8
816 9
817 9
818 9
819 9
820 9
821 9
822 9
823 9
824 11
825 11
826 11
827 11
828 11
829 11
830 11
831 11
832 11
833 11
834 11
835 11
836 11
837 11
838 11
839 11
840 16
841 16
842 16
843 16
844 16
845 16
846 16
847 16
848 16
849 16
850 16
851 16
852 16
853 16
854 16
855 16
856 17
857 17
858 17
859 17
860 17
861 17
862 17
863 17
864 32
865 32
866 32
867 32
868 32
869 32
870 32
871 32
872 45
873 45
874 45
875 45
876 45
877 45
878 45
879 45
880 8
881 8
882 8
883 8
884 8
885 8
886 8
887 8
888 9
889 9
890 9
891 9
892 9
893 9
894 9
895 9
896 9
897 9
898 9
899 9
900 9
901 9
902 9
903 9
904 9
905 9
906 17
907 17
908 17
909 17
910 17
911 17
912 17
913 17
914 32
915 32
916 32
917 32
918 32
919 32
920 32
921 32
922 45
923 45
924 45
925 45
926 45
927 45
928 45
929 45
930 8
931 8
932 8
933 8
934 8
935 8
936 8
937 8
938 17
939 17
940 17
941 17
942 17
943 17
944 17
945 17
946 17
947 17
948 17
949 17
950 17
951 17
952 17
953 17
954 17
955 17
956 17
957 17
958 17
959 17
960 17
961 32
962 32
963 32
964 32
965 32
966 32
967 32
968 32
969 45
970 45
971 45
972 45
973 45
974 45
975 45
976 45
977 45
978 45
979 45
980 45
981 45
982 45
983 45
984 45
985 45
986 45
987 8
988 8
989 8
990 8
991 8
992 8
993 8
994 8
995 32
996 32
997 32
998 32
999 32
1000 32
1001 32
1002 32
1003 32
1004 32
1005 32
1006 32
1007 32
1008 32
1009 32
1010 32
1011 32
1012 32
1013 32
1014 32
1015 32
1016 8
1017 8
1018 8
1019 8
1020 8
1021 8
1022 8
1023 8
1024 8
1025 8
1026 8
1027 8
1028 8
1029 8
1030 8
1031 8
1032 8
1033 8
1034 8
1035 8
1036 2
1037 2
1038 2
1039 2
1040 2
1041 2
1042 2
1043 2
1044 2
1045 2
1046 2
1047 2
1048 2
1049 2
1050 2
1051 2
1052 2
1053 2
1054 2
1055 2
1056 3
1057 3
1058 3
1059 3
1060 3
1061 3
1062 3
1063 3
1064 3
1065 3
1066 3
1067 3
1068 3
1069 3
1070 3
1071 3
1072 3
1073 3
1074 3
1075 6
1076 6
1077 6
1078 6
1079 6
1080 6
1081 6
1082 6
1083 6
1084 6
1085 6
1086 6
1087 6
1088 6
1089 6
1090 6
1091 6
1092 6
1093 6
1094 6
1095 14
1096 14
1097 14
1098 14
1099 14
1100 14
1101 14
1102 14
1103 14
1104 14
1105 14
1106 14
1107 14
1108 14
1109 14
1110 14
1111 14
1112 14
1113 14
1114 14
1115 21
1116 21
1117 21
1118 21
1119 21
1120 21
1121 21
1122 21
1123 29
1124 29
1125 29
1126 29
1127 29
1128 29
1129 29
1130 29
1131 29
1132 29
1133 29
1134 29
1135 29
1136 29
1137 29
1138 29
1139 30
1140 30
1141 30
1142 30
1143 30
1144 30
1145 30
1146 30
1147 37
1148 37
1149 37
1150 37
1151 37
1152 37
1153 37
1154 37
1155 40
1156 40
1157 40
1158 40
1159 40
1160 40
1161 40
1162 40
1163 40
1164 40
1165 40
1166 40
1167 40
1168 40
1169 40
1170 40
1171 40
1172 40
1173 40
1174 47
1175 47
1176 47
1177 47
1178 47
1179 47
1180 47
1181 47
1182 47
1183 47
1184 47
1185 47
1186 47
1187 47
1188 47
1189 47
1190 47
1191 47
1192 47
1193 47
1194 47
1195 49
1196 49
1197 49
1198 49
1199 49
1200 49
1201 49
1202 49
1203 49
1204 49
1205 49
1206 49
1207 49
1208 49
1209 49
1210 49
1211 49
1212 21
1213 21
1214 21
1215 21
1216 21
1217 21
1218 21
1219 21
1220 30
1221 30
1222 30
1223 30
1224 30
1225 30
1226 30
1227 30
1228 37
1229 37
1230 37
1231 37
1232 37
1233 37
1234 37
1235 37
1236 21
1237 21
1238 21
1239 21
1240 21
1241 21
1242 21
1243 21
1244 30
1245 30
1246 30
1247 30
1248 30
1249 30
1250 30
1251 30
1252 37
1253 37
1254 37
1255 37
1256 37
1257 37
1258 37
1259 37
1260 21
1261 21
1262 21
1263 21
1264 21
1265 21
1266 21
1267 21
1268 30
1269 30
1270 30
1271 30
1272 30
1273 30
1274 30
1275 30
1276 37
1277 37
1278 37
1279 37
1280 37
1281 37
1282 37
1283 37
1284 21
1285 21
1286 21
1287 21
1288 21
1289 21
1290 21
1291 21
1292 30
1293 30
1294 30
1295 30
1296 30
1297 30
1298 30
1299 30
1300 37
1301 37
1302 37
1303 37
1304 37
1305 37
1306 37
1307 37
1308 21
1309 21
1310 21
1311 21
1312 21
1313 21
1314 21
1315 21
1316 30
1317 30
1318 30
1319 30
1320 30
1321 30
1322 30
1323 30
1324 37
1325 37
1326 37
1327 37
1328 37
1329 37
1330 37
1331 37
1332 21
1333 21
1334 21
1335 21
1336 21
1337 21
1338 21
1339 21
1340 30
1341 30
1342 30
1343 30
1344 30
1345 30
1346 30
1347 30
1348 37
1349 37
1350 37
1351 37
1352 37
1353 37
1354 37
1355 37
1356 21
1357 21
1358 21
1359 21
1360 21
1361 21
1362 21
1363 21
1364 21
1365 21
1366 21
1367 21
1368 21
1369 21
1370 21
1371 21
1372 21
1373 21
1374 21
1375 30
1376 30
1377 30
1378 30
1379 30
1380 30
1381 30
1382 30
1383 37
1384 37
1385 37
1386 37
1387 37
1388 37
1389 37
1390 37
1391 30
1392 30
1393 30
1394 30
1395 30
1396 30
1397 30
1398 30
1399 37
1400 37
1401 37
1402 37
1403 37
1404 37
1405 37
1406 37
1407 37
1408 37
1409 37
1410 37
1411 37
1412 37
1413 37
1414 37
1415 37
1416 37
1417 37
1418 37
1419 30
1420 30
1421 30
1422 30
1423 30
1424 30
1425 30
1426 30
1427 30
1428 30
1429 30
1430 30
1431 30
1432 30
1433 30
1434 30
1435 30
1436 30
1437 -1
