0 -1
1 0
2 0
3 0
4 0
5 0
6 0
7 0
8 0
9 1
10 1
11 1
12 1
13 1
14 1
15 1
16 1
17 2
18 2
19 2
20 2
21 2
22 2
23 2
24 2
25 2
26 2
27 2
28 2
29 2
30 2
31 2
32 2
33 3
34 3
35 3
36 3
37 3
38 3
39 3
40 3
41 4
42 4
43 4
44 4
45 4
46 4
47 4
48 5
49 5
50 5
51 5
52 5
53 5
54 5
55 5
56 5
57 5
58 5
59 5
60 5
61 6
62 6
63 6
64 6
65 6
66 6
67 6
68 6
69 7
70 7
71 7
72 7
73 7
74 7
75 7
76 7
77 8
78 8
79 8
80 8
81 8
82 8
83 8
84 8
85 9
86 9
87 9
88 9
89 9
90 9
91 9
92 9
93 10
94 10
95 10
96 10
97 10
98 10
99 10
100 10
101 11
102 11
103 11
104 11
105 11
106 11
107 11
108 11
109 11
110 11
111 12
112 12
113 12
114 12
115 12
116 12
117 12
118 12
119 13
120 13
121 14
122 14
123 14
124 14
125 14
126 14
127 14
128 14
129 14
130 14
131 14
132 14
133 14
134 14
135 15
136 15
137 15
138 15
139 15
140 16
141 16
142 16
143 16
144 16
145 16
146 16
147 16
148 16
149 16
150 16
151 16
152 17
153 17
154 17
155 17
156 17
157 17
158 17
159 17
160 18
161 18
162 18
163 18
164 18
165 18
166 18
167 18
168 19
169 19
170 19
171 19
172 20
173 20
174 20
175 20
176 20
177 20
178 20
179 20
180 20
181 20
182 20
183 20
184 20
185 20
186 20
187 21
188 21
189 21
190 21
191 21
192 21
193 21
194 21
195 22
196 22
197 22
198 22
199 22
200 22
201 22
202 22
203 23
204 23
205 23
206 23
207 23
208 23
209 24
210 24
211 24
212 24
213 24
214 24
215 24
216 24
217 25
218 25
219 26
220 26
221 26
222 26
223 26
224 26
225 26
226 26
227 27
228 27
229 27
230 27
231 27
232 27
233 27
234 27
235 28
236 28
237 28
238 28
239 28
240 28
241 28
242 28
243 29
244 29
245 29
246 29
247 29
248 29
249 29
250 29
251 29
252 30
253 30
254 30
255 30
256 30
257 30
258 30
259 30
260 31
261 31
262 31
263 31
264 31
265 31
266 31
267 31
268 31
269 31
270 31
271 31
272 31
273 31
274 32
275 32
276 33
277 33
278 33
279 33
280 33
281 33
282 33
283 33
284 33
285 33
286 34
287 34
288 34
289 34
290 34
291 34
292 35
293 35
294 35
295 35
296 36
297 36
298 36
299 36
300 36
301 36
302 36
303 36
304 37
305 37
306 37
307 37
308 37
309 37
310 37
311 37
312 38
313 38
314 38
315 38
316 38
317 38
318 38
319 38
320 38
321 39
322 39
323 39
324 39
325 39
326 39
327 39
328 40
329 40
330 40
331 40
332 40
333 40
334 40
335 40
336 41
337 41
338 41
339 41
340 41
341 41
342 41
343 41
344 41
345 41
346 41
347 41
348 41
349 41
350 41
351 41
352 42
353 42
354 42
355 43
356 43
357 43
358 43
359 43
360 43
361 43
362 43
363 43
364 43
365 43
366 43
367 43
368 43
369 43
370 44
371 44
372 44
373 44
374 44
375 44
376 44
377 44
378 45
379 45
380 45
381 46
382 46
383 46
384 46
385 46
386 46
387 46
388 46
389 47
390 47
391 47
392 47
393 47
394 47
395 47
396 47
397 47
398 47
399 47
400 47
401 47
402 47
403 48
404 48
405 48
406 48
407 48
408 48
409 48
410 48
411 48
412 48
413 48
414 49
415 49
416 49
417 49
418 49
419 49
420 49
421 1
422 1
423 1
424 1
425 1
426 1
427 1
428 1
429 1
430 1
431 1
432 1
433 1
434 1
435 10
436 10
437 10
438 10
439 10
440 10
441 10
442 10
443 10
444 24
445 24
446 24
447 24
448 24
449 24
450 24
451 24
452 24
453 24
454 24
455 24
456 24
457 30
458 30
459 30
460 30
461 30
462 30
463 30
464 30
465 30
466 30
467 30
468 30
469 30
470 30
471 30
472 44
473 44
474 44
475 44
476 44
477 44
478 44
479 44
480 44
481 44
482 44
483 7
484 7
485 7
486 7
487 7
488 7
489 7
490 7
491 8
492 8
493 8
494 8
495 8
496 8
497 8
498 8
499 17
500 17
501 17
502 17
503 17
504 17
505 17
506 17
507 21
508 21
509 21
510 21
511 21
512 21
513 21
514 21
515 22
516 22
517 22
518 22
519 22
520 22
521 22
522 22
523 26
524 26
525 26
526 26
527 26
528 26
529 26
530 26
531 26
532 26
533 26
534 26
535 26
536 26
537 26
538 26
539 26
540 26
541 26
542 36
543 36
544 36
545 36
546 36
547 36
548 36
549 36
550 37
551 37
552 37
553 37
554 37
555 37
556 37
557 37
558 37
559 37
560 37
561 37
562 37
563 37
564 37
565 37
566 37
567 37
568 40
569 40
570 40
571 40
572 40
573 40
574 40
575 40
576 7
577 7
578 7
579 7
580 7
581 7
582 7
583 7
584 8
585 8
586 8
587 8
588 8
589 8
590 8
591 8
592 17
593 17
594 17
595 17
596 17
597 17
598 17
599 17
600 21
601 21
602 21
603 21
604 21
605 21
606 21
607 21
608 22
609 22
610 22
611 22
612 22
613 22
614 22
615 22
616 36
617 36
618 36
619 36
620 36
621 36
622 36
623 36
624 40
625 40
626 40
627 40
628 40
629 40
630 40
631 40
632 7
633 7
634 7
635 7
636 7
637 7
638 7
639 7
640 8
641 8
642 8
643 8
644 8
645 8
646 8
647 8
648 17
649 17
650 17
651 17
652 17
653 17
654 17
655 17
656 21
657 21
658 21
659 21
660 21
661 21
662 21
663 21
664 22
665 22
666 22
667 22
668 22
669 22
670 22
671 22
672 36
673 36
674 36
675 36
676 36
677 36
678 36
679 36
680 40
681 40
682 40
683 40
684 40
685 40
686 40
687 40
688 7
689 7
690 7
691 7
692 7
693 7
694 7
695 7
696 8
697 8
698 8
699 8
700 8
701 8
702 8
703 8
704 17
705 17
706 17
707 17
708 17
709 17
710 17
711 17
712 21
713 21
714 21
715 21
716 21
717 21
718 21
719 21
720 22
721 22
722 22
723 22
724 22
725 22
726 22
727 22
728 22
729 22
730 22
731 22
732 22
733 22
734 22
735 22
736 22
737 22
738 22
739 36
740 36
741 36
742 36
743 36
744 36
745 36
746 36
747 40
748 40
749 40
750 40
751 40
752 40
753 40
754 40
755 7
756 7
757 7
758 7
759 7
760 7
761 7
762 7
763 8
764 8
765 8
766 8
767 8
768 8
769 8
770 8
771 17
772 17
773 17
774 17
775 17
776 17
777 17
778 17
779 21
780 21
781 21
782 21
783 21
784 21
785 21
786 21
787 36
788 36
789 36
790 36
791 36
792 36
793 36
794 36
795 40
796 40
797 40
798 40
799 40
800 40
801 40
802 40
803 7
804 7
805 7
806 7
807 7
808 7
809 7
810 7
811 8
812 8
813 8
814 8
815 8
816 8
817 8
818 8
819 17
820 17
821 17
822 17
823 17
824 17
825 17
826 17
827 21
828 21
829 21
830 21
831 21
832 21
833 21
834 21
835 36
836 36
837 36
838 36
839 36
840 36
841 36
842 36
843 40
844 40
845 40
846 40
847 40
848 40
849 40
850 40
851 40
852 40
853 40
854 40
855 40
856 40
857 40
858 40
859 40
860 40
861 7
862 7
863 7
864 7
865 7
866 7
867 7
868 7
869 8
870 8
871 8
872 8
873 8
874 8
875 8
876 8
877 8
878 8
879 8
880 8
881 8
882 8
883 8
884 8
885 8
886 17
887 17
888 17
889 17
890 17
891 17
892 17
893 17
894 17
895 17
896 17
897 17
898 17
899 17
900 17
901 17
902 17
903 17
904 21
905 21
906 21
907 21
908 21
909 21
910 21
911 21
912 36
913 36
914 36
915 36
916 36
917 36
918 36
919 36
920 7
921 7
922 7
923 7
924 7
925 7
926 7
927 7
928 21
929 21
930 21
931 21
932 21
933 21
934 21
935 21
936 36
937 36
938 36
939 36
940 36
941 36
942 36
943 36
944 7
945 7
946 7
947 7
948 7
949 7
950 7
951 7
952 7
953 7
954 7
955 7
956 7
957 7
958 7
959 7
960 7
961 7
962 21
963 21
964 21
965 21
966 21
967 21
968 21
969 21
970 36
971 36
972 36
973 36
974 36
975 36
976 36
977 36
978 36
979 36
980 36
981 36
982 36
983 36
984 36
985 36
986 36
987 21
988 21
989 21
990 21
991 21
992 21
993 21
994 21
995 21
996 21
997 21
998 21
999 21
1000 21
1001 21
1002 21
1003 0
1004 0
1005 0
1006 0
1007 0
1008 0
1009 0
1010 0
1011 0
1012 0
1013 0
1014 0
1015 0
1016 0
1017 0
1018 0
1019 0
1020 0
1021 0
1022 0
1023 0
1024 3
1025 3
1026 3
1027 3
1028 3
1029 3
1030 3
1031 3
1032 6
1033 6
1034 6
1035 6
1036 6
1037 6
1038 6
1039 6
1040 6
1041 6
1042 6
1043 6
1044 6
1045 6
1046 6
1047 6
1048 6
1049 6
1050 6
1051 9
1052 9
1053 9
1054 9
1055 9
1056 9
1057 9
1058 9
1059 12
1060 12
1061 12
1062 12
1063 12
1064 12
1065 12
1066 12
1067 18
1068 18
1069 18
1070 18
1071 18
1072 18
1073 18
1074 18
1075 27
1076 27
1077 27
1078 27
1079 27
1080 27
1081 27
1082 27
1083 27
1084 27
1085 27
1086 27
1087 27
1088 27
1089 27
1090 27
1091 27
1092 27
1093 27
1094 27
1095 27
1096 28
1097 28
1098 28
1099 28
1100 28
1101 28
1102 28
1103 28
1104 28
1105 28
1106 28
1107 28
1108 28
1109 28
1110 28
1111 28
1112 28
1113 28
1114 28
1115 28
1116 3
1117 3
1118 3
1119 3
1120 3
1121 3
1122 3
1123 3
1124 9
1125 9
1126 9
1127 9
1128 9
1129 9
1130 9
1131 9
1132 12
1133 12
1134 12
1135 12
1136 12
1137 12
1138 12
1139 12
1140 18
1141 18
1142 18
1143 18
1144 18
1145 18
1146 18
1147 18
1148 3
1149 3
1150 3
1151 3
1152 3
1153 3
1154 3
1155 3
1156 9
1157 9
1158 9
1159 9
1160 9
1161 9
1162 9
1163 9
1164 12
1165 12
1166 12
1167 12
1168 12
1169 12
1170 12
1171 12
1172 18
1173 18
1174 18
1175 18
1176 18
1177 18
1178 18
1179 18
1180 3
1181 3
1182 3
1183 3
1184 3
1185 3
1186 3
1187 3
1188 9
1189 9
1190 9
1191 9
1192 9
1193 9
1194 9
1195 9
1196 12
1197 12
1198 12
1199 12
1200 12
1201 12
1202 12
1203 12
1204 18
1205 18
1206 18
1207 18
1208 18
1209 18
1210 18
1211 18
1212 3
1213 3
1214 3
1215 3
1216 3
1217 3
1218 3
1219 3
1220 9
1221 9
1222 9
1223 9
1224 9
1225 9
1226 9
1227 9
1228 12
1229 12
1230 12
1231 12
1232 12
1233 12
1234 12
1235 12
1236 12
1237 12
1238 12
1239 12
1240 12
1241 12
1242 12
1243 12
1244 18
1245 18
1246 18
1247 18
1248 18
1249 18
1250 18
1251 18
1252 3
1253 3
1254 3
1255 3
1256 3
1257 3
1258 3
1259 3
1260 9
1261 9
1262 9
1263 9
1264 9
1265 9
1266 9
1267 9
1268 18
1269 18
1270 18
1271 18
1272 18
1273 18
1274 18
1275 18
1276 3
1277 3
1278 3
1279 3
1280 3
1281 3
1282 3
1283 3
1284 9
1285 9
1286 9
1287 9
1288 9
1289 9
1290 9
1291 9
1292 18
1293 18
1294 18
1295 18
1296 18
1297 18
1298 18
1299 18
1300 18
1301 18
1302 18
1303 18
1304 18
1305 18
1306 18
1307 18
1308 18
1309 18
1310 18
1311 18
1312 3
1313 3
1314 3
1315 3
1316 3
1317 3
1318 3
1319 3
1320 3
1321 3
1322 3
1323 3
1324 3
1325 3
1326 3
1327 3
1328 3
1329 3
1330 3
1331 3
1332 3
1333 3
1334 3
1335 9
1336 9
1337 9
1338 9
1339 9
1340 9
1341 9
1342 9
1343 9
1344 9
1345 9
1346 9
1347 9
1348 9
1349 9
1350 9
1351 9
1352 9
1353 9
1354 9
1355 9
1356 9
1357 9
1358 9
1359 9
1360 9
1361 9
1362 9
1363 9
1364 9
1365 9
1366 9
1367 -1
