0 -1
1 0
2 0
3 0
4 0
5 0
6 0
7 0
8 0
9 1
10 1
11 1
12 1
13 1
14 1
15 1
16 1
17 1
18 1
19 1
20 1
21 1
22 1
23 1
24 2
25 2
26 2
27 2
28 2
29 2
30 2
31 2
32 2
33 3
34 3
35 3
36 3
37 3
38 3
39 3
40 4
41 4
42 4
43 4
44 4
45 4
46 4
47 4
48 4
49 4
50 4
51 5
52 5
53 5
54 5
55 5
56 5
57 5
58 5
59 5
60 5
61 5
62 5
63 5
64 5
65 5
66 6
67 6
68 6
69 6
70 6
71 6
72 6
73 6
74 7
75 7
76 7
77 7
78 7
79 7
80 7
81 7
82 8
83 8
84 8
85 8
86 8
87 8
88 8
89 8
90 9
91 9
92 9
93 9
94 9
95 9
96 9
97 9
98 9
99 9
100 9
101 9
102 9
103 10
104 10
105 10
106 10
107 10
108 10
109 10
110 10
111 11
112 11
113 11
114 11
115 11
116 11
117 11
118 11
119 12
120 12
121 12
122 12
123 12
124 12
125 12
126 12
127 12
128 12
129 12
130 12
131 13
132 13
133 13
134 13
135 13
136 13
137 13
138 13
139 14
140 14
141 14
142 14
143 14
144 15
145 15
146 15
147 15
148 15
149 15
150 15
151 15
152 16
153 16
154 16
155 16
156 16
157 16
158 16
159 16
160 17
161 17
162 17
163 17
164 17
165 17
166 17
167 17
168 17
169 17
170 17
171 18
172 18
173 18
174 18
175 18
176 18
177 18
178 18
179 19
180 19
181 19
182 19
183 19
184 19
185 19
186 19
187 20
188 20
189 21
190 21
191 21
192 21
193 21
194 21
195 21
196 21
197 22
198 22
199 22
200 22
201 22
202 22
203 22
204 22
205 23
206 23
207 23
208 23
209 23
210 23
211 23
212 23
213 24
214 24
215 24
216 24
217 24
218 24
219 24
220 24
221 25
222 25
223 25
224 25
225 25
226 25
227 25
228 25
229 26
230 26
231 26
232 26
233 26
234 26
235 26
236 26
237 26
238 26
239 26
240 26
241 27
242 27
243 27
244 28
245 28
246 28
247 28
248 28
249 28
250 28
251 28
252 29
253 29
254 29
255 29
256 29
257 29
258 29
259 29
260 30
261 30
262 30
263 31
264 31
265 31
266 31
267 31
268 31
269 31
270 31
271 32
272 32
273 32
274 32
275 32
276 32
277 32
278 33
279 33
280 33
281 33
282 33
283 33
284 33
285 33
286 34
287 34
288 34
289 34
290 34
291 34
292 35
293 35
294 35
295 35
296 35
297 35
298 35
299 35
300 36
301 36
302 36
303 36
304 36
305 36
306 36
307 36
308 37
309 37
310 37
311 37
312 37
313 37
314 37
315 37
316 38
317 38
318 38
319 38
320 39
321 39
322 39
323 39
324 39
325 39
326 39
327 39
328 40
329 40
330 40
331 40
332 40
333 40
334 40
335 40
336 41
337 41
338 41
339 41
340 41
341 41
342 41
343 41
344 42
345 42
346 42
347 42
348 42
349 42
350 42
351 42
352 42
353 42
354 42
355 42
356 42
357 42
358 43
359 43
360 43
361 43
362 43
363 43
364 43
365 43
366 44
367 44
368 44
369 44
370 44
371 44
372 44
373 44
374 45
375 45
376 45
377 45
378 45
379 45
380 45
381 45
382 46
383 46
384 46
385 46
386 46
387 46
388 46
389 46
390 47
391 47
392 47
393 47
394 47
395 47
396 47
397 47
398 48
399 48
400 48
401 48
402 48
403 48
404 48
405 48
406 48
407 49
408 49
409 49
410 49
411 49
412 49
413 49
414 49
415 19
416 19
417 19
418 19
419 19
420 19
421 19
422 19
423 19
424 19
425 19
426 19
427 19
428 19
429 19
430 28
431 28
432 28
433 28
434 28
435 28
436 28
437 28
438 28
439 28
440 28
441 28
442 28
443 28
444 28
445 33
446 33
447 33
448 33
449 33
450 33
451 33
452 33
453 33
454 37
455 37
456 37
457 37
458 37
459 37
460 37
461 37
462 37
463 37
464 37
465 47
466 47
467 47
468 47
469 47
470 47
471 47
472 47
473 47
474 49
475 49
476 49
477 49
478 49
479 49
480 49
481 49
482 49
483 0
484 0
485 0
486 0
487 0
488 0
489 0
490 0
491 8
492 8
493 8
494 8
495 8
496 8
497 8
498 8
499 8
500 8
501 8
502 8
503 8
504 8
505 8
506 8
507 10
508 10
509 10
510 10
511 10
512 10
513 10
514 10
515 10
516 10
517 10
518 10
519 10
520 10
521 10
522 10
523 10
524 10
525 10
526 10
527 11
528 11
529 11
530 11
531 11
532 11
533 11
534 11
535 11
536 11
537 11
538 11
539 11
540 11
541 11
542 11
543 11
544 11
545 11
546 11
547 15
548 15
549 15
550 15
551 15
552 15
553 15
554 15
555 21
556 21
557 21
558 21
559 21
560 21
561 21
562 21
563 29
564 29
565 29
566 29
567 29
568 29
569 29
570 29
571 31
572 31
573 31
574 31
575 31
576 31
577 31
578 31
579 31
580 31
581 31
582 31
583 31
584 31
585 31
586 31
587 31
588 31
589 31
590 36
591 36
592 36
593 36
594 36
595 36
596 36
597 36
598 40
599 40
600 40
601 40
602 40
603 40
604 40
605 40
606 41
607 41
608 41
609 41
610 41
611 41
612 41
613 41
614 41
615 41
616 41
617 41
618 41
619 41
620 41
621 41
622 41
623 41
624 41
625 43
626 43
627 43
628 43
629 43
630 43
631 43
632 43
633 0
634 0
635 0
636 0
637 0
638 0
639 0
640 0
641 15
642 15
643 15
644 15
645 15
646 15
647 15
648 15
649 21
650 21
651 21
652 21
653 21
654 21
655 21
656 21
657 29
658 29
659 29
660 29
661 29
662 29
663 29
664 29
665 36
666 36
667 36
668 36
669 36
670 36
671 36
672 36
673 40
674 40
675 40
676 40
677 40
678 40
679 40
680 40
681 43
682 43
683 43
684 43
685 43
686 43
687 43
688 43
689 0
690 0
691 0
692 0
693 0
694 0
695 0
696 0
697 15
698 15
699 15
700 15
701 15
702 15
703 15
704 15
705 21
706 21
707 21
708 21
709 21
710 21
711 21
712 21
713 29
714 29
715 29
716 29
717 29
718 29
719 29
720 29
721 36
722 36
723 36
724 36
725 36
726 36
727 36
728 36
729 40
730 40
731 40
732 40
733 40
734 40
735 40
736 40
737 43
738 43
739 43
740 43
741 43
742 43
743 43
744 43
745 0
746 0
747 0
748 0
749 0
750 0
751 0
752 0
753 15
754 15
755 15
756 15
757 15
758 15
759 15
760 15
761 21
762 21
763 21
764 21
765 21
766 21
767 21
768 21
769 21
770 21
771 21
772 21
773 21
774 21
775 21
776 21
777 21
778 21
779 29
780 29
781 29
782 29
783 29
784 29
785 29
786 29
787 36
788 36
789 36
790 36
791 36
792 36
793 36
794 36
795 40
796 40
797 40
798 40
799 40
800 40
801 40
802 40
803 40
804 40
805 40
806 40
807 40
808 40
809 40
810 40
811 40
812 40
813 43
814 43
815 43
816 43
817 43
818 43
819 43
820 43
821 0
822 0
823 0
824 0
825 0
826 0
827 0
828 0
829 15
830 15
831 15
832 15
833 15
834 15
835 15
836 15
837 29
838 29
839 29
840 29
841 29
842 29
843 29
844 29
845 29
846 29
847 29
848 29
849 29
850 29
851 29
852 29
853 29
854 29
855 29
856 29
857 29
858 29
859 29
860 36
861 36
862 36
863 36
864 36
865 36
866 36
867 36
868 43
869 43
870 43
871 43
872 43
873 43
874 43
875 43
876 0
877 0
878 0
879 0
880 0
881 0
882 0
883 0
884 15
885 15
886 15
887 15
888 15
889 15
890 15
891 15
892 15
893 15
894 15
895 15
896 15
897 15
898 15
899 15
900 15
901 15
902 15
903 15
904 15
905 36
906 36
907 36
908 36
909 36
910 36
911 36
912 36
913 36
914 36
915 36
916 36
917 36
918 36
919 36
920 36
921 36
922 36
923 36
924 36
925 43
926 43
927 43
928 43
929 43
930 43
931 43
932 43
933 0
934 0
935 0
936 0
937 0
938 0
939 0
940 0
941 0
942 0
943 0
944 0
945 0
946 0
947 0
948 0
949 43
950 43
951 43
952 43
953 43
954 43
955 43
956 43
957 43
958 43
959 43
960 43
961 43
962 43
963 43
964 43
965 43
966 43
967 43
968 6
969 6
970 6
971 6
972 6
973 6
974 6
975 6
976 6
977 6
978 6
979 6
980 6
981 6
982 6
983 6
984 7
985 7
986 7
987 7
988 7
989 7
990 7
991 7
992 7
993 7
994 7
995 7
996 7
997 7
998 7
999 7
1000 7
1001 7
1002 7
1003 7
1004 7
1005 13
1006 13
1007 13
1008 13
1009 13
1010 13
1011 13
1012 13
1013 13
1014 13
1015 13
1016 13
1017 13
1018 13
1019 13
1020 13
1021 13
1022 13
1023 16
1024 16
1025 16
1026 16
1027 16
1028 16
1029 16
1030 16
1031 18
1032 18
1033 18
1034 18
1035 18
1036 18
1037 18
1038 18
1039 22
1040 22
1041 22
1042 22
1043 22
1044 22
1045 22
1046 22
1047 23
1048 23
1049 23
1050 23
1051 23
1052 23
1053 23
1054 23
1055 23
1056 23
1057 23
1058 23
1059 23
1060 23
1061 23
1062 23
1063 23
1064 25
1065 25
1066 25
1067 25
1068 25
1069 25
1070 25
1071 25
1072 25
1073 25
1074 25
1075 25
1076 25
1077 25
1078 25
1079 25
1080 25
1081 25
1082 35
1083 35
1084 35
1085 35
1086 35
1087 35
1088 35
1089 35
1090 35
1091 35
1092 35
1093 35
1094 35
1095 35
1096 35
1097 35
1098 39
1099 39
1100 39
1101 39
1102 39
1103 39
1104 39
1105 39
1106 39
1107 39
1108 39
1109 39
1110 39
1111 39
1112 39
1113 39
1114 39
1115 39
1116 44
1117 44
1118 44
1119 44
1120 44
1121 44
1122 44
1123 44
1124 45
1125 45
1126 45
1127 45
1128 45
1129 45
1130 45
1131 45
1132 46
1133 46
1134 46
1135 46
1136 46
1137 46
1138 46
1139 46
1140 16
1141 16
1142 16
1143 16
1144 16
1145 16
1146 16
1147 16
1148 18
1149 18
1150 18
1151 18
1152 18
1153 18
1154 18
1155 18
1156 22
1157 22
1158 22
1159 22
1160 22
1161 22
1162 22
1163 22
1164 44
1165 44
1166 44
1167 44
1168 44
1169 44
1170 44
1171 44
1172 45
1173 45
1174 45
1175 45
1176 45
1177 45
1178 45
1179 45
1180 46
1181 46
1182 46
1183 46
1184 46
1185 46
1186 46
1187 46
1188 16
1189 16
1190 16
1191 16
1192 16
1193 16
1194 16
1195 16
1196 18
1197 18
1198 18
1199 18
1200 18
1201 18
1202 18
1203 18
1204 22
1205 22
1206 22
1207 22
1208 22
1209 22
1210 22
1211 22
1212 44
1213 44
1214 44
1215 44
1216 44
1217 44
1218 44
1219 44
1220 45
1221 45
1222 45
1223 45
1224 45
1225 45
1226 45
1227 45
1228 46
1229 46
1230 46
1231 46
1232 46
1233 46
1234 46
1235 46
1236 16
1237 16
1238 16
1239 16
1240 16
1241 16
1242 16
1243 16
1244 18
1245 18
1246 18
1247 18
1248 18
1249 18
1250 18
1251 18
1252 22
1253 22
1254 22
1255 22
1256 22
1257 22
1258 22
1259 22
1260 44
1261 44
1262 44
1263 44
1264 44
1265 44
1266 44
1267 44
1268 45
1269 45
1270 45
1271 45
1272 45
1273 45
1274 45
1275 45
1276 46
1277 46
1278 46
1279 46
1280 46
1281 46
1282 46
1283 46
1284 16
1285 16
1286 16
1287 16
1288 16
1289 16
1290 16
1291 16
1292 18
1293 18
1294 18
1295 18
1296 18
1297 18
1298 18
1299 18
1300 22
1301 22
1302 22
1303 22
1304 22
1305 22
1306 22
1307 22
1308 44
1309 44
1310 44
1311 44
1312 44
1313 44
1314 44
1315 44
1316 45
1317 45
1318 45
1319 45
1320 45
1321 45
1322 45
1323 45
1324 46
1325 46
1326 46
1327 46
1328 46
1329 46
1330 46
1331 46
1332 46
1333 46
1334 46
1335 46
1336 46
1337 46
1338 46
1339 46
1340 46
1341 16
1342 16
1343 16
1344 16
1345 16
1346 16
1347 16
1348 16
1349 16
1350 16
1351 16
1352 16
1353 16
1354 16
1355 16
1356 16
1357 16
1358 16
1359 16
1360 16
1361 16
1362 16
1363 18
1364 18
1365 18
1366 18
1367 18
1368 18
1369 18
1370 18
1371 22
1372 22
1373 22
1374 22
1375 22
1376 22
1377 22
1378 22
1379 44
1380 44
1381 44
1382 44
1383 44
1384 44
1385 44
1386 44
1387 44
1388 44
1389 44
1390 44
1391 44
1392 44
1393 44
1394 44
1395 44
1396 44
1397 44
1398 44
1399 45
1400 45
1401 45
1402 45
1403 45
1404 45
1405 45
1406 45
1407 18
1408 18
1409 18
1410 18
1411 18
1412 18
1413 18
1414 18
1415 22
1416 22
1417 22
1418 22
1419 22
1420 22
1421 22
1422 22
1423 45
1424 45
1425 45
1426 45
1427 45
1428 45
1429 45
1430 45
1431 18
1432 18
1433 18
1434 18
1435 18
1436 18
1437 18
1438 18
1439 18
1440 18
1441 18
1442 18
1443 18
1444 18
1445 18
1446 18
1447 18
1448 18
1449 18
1450 18
1451 18
1452 18
1453 22
1454 22
1455 22
1456 22
1457 22
1458 22
1459 22
1460 22
1461 45
1462 45
1463 45
1464 45
1465 45
1466 45
1467 45
1468 45
1469 22
1470 22
1471 22
1472 22
1473 22
1474 22
1475 22
1476 22
1477 22
1478 22
1479 22
1480 22
1481 22
1482 22
1483 22
1484 22
1485 22
1486 45
1487 45
1488 45
1489 45
1490 45
1491 45
1492 45
1493 45
1494 45
1495 45
1496 45
1497 45
1498 45
1499 45
1500 45
1501 45
1502 45
1503 45
1504 -1
