0 -1
1 0
2 0
3 0
4 0
5 0
6 0
7 1
8 1
9 1
10 1
11 1
12 1
13 1
14 1
15 2
16 2
17 2
18 2
19 2
20 2
21 2
22 2
23 3
24 3
25 3
26 3
27 3
28 3
29 3
30 3
31 4
32 4
33 4
34 4
35 4
36 4
37 4
38 4
39 1
40 1
41 1
42 2
43 2
44 2
45 2
46 2
47 2
48 2
49 2
50 5
51 5
52 5
53 5
54 3
55 3
56 3
57 3
58 3
59 3
60 3
61 3
62 6
63 6
64 6
65 6
66 6
67 6
68 6
69 6
70 4
71 4
72 4
73 4
74 4
75 4
76 4
77 4
78 7
79 7
80 7
81 7
82 7
83 7
84 7
85 7
86 8
87 8
88 8
89 8
90 8
91 8
92 8
93 8
94 9
95 9
96 9
97 9
98 9
99 9
100 9
101 9
102 2
103 2
104 2
105 2
106 2
107 2
108 2
109 2
110 10
111 10
112 10
113 10
114 10
115 10
116 10
117 10
118 11
119 11
120 11
121 11
122 11
123 11
124 11
125 11
126 12
127 12
128 12
129 12
130 12
131 3
132 3
133 3
134 3
135 3
136 3
137 3
138 3
139 13
140 13
141 13
142 13
143 13
144 13
145 13
146 13
147 14
148 14
149 14
150 14
151 14
152 14
153 14
154 14
155 15
156 15
157 15
158 15
159 15
160 15
161 15
162 15
163 16
164 16
165 16
166 16
167 16
168 16
169 16
170 16
171 6
172 6
173 6
174 6
175 6
176 6
177 6
178 6
179 17
180 17
181 17
182 17
183 17
184 17
185 17
186 17
187 18
188 18
189 18
190 18
191 18
192 18
193 18
194 18
195 19
196 19
197 19
198 19
199 19
200 19
201 19
202 19
203 4
204 4
205 4
206 4
207 4
208 20
209 20
210 20
211 20
212 20
213 20
214 20
215 20
216 21
217 21
218 21
219 21
220 21
221 21
222 21
223 21
224 22
225 22
226 22
227 22
228 22
229 22
230 22
231 22
232 7
233 7
234 7
235 7
236 7
237 23
238 23
239 23
240 23
241 23
242 23
243 23
244 23
245 24
246 24
247 25
248 25
249 25
250 25
251 25
252 25
253 25
254 25
255 26
256 26
257 26
258 26
259 26
260 26
261 26
262 26
263 8
264 8
265 8
266 8
267 8
268 8
269 8
270 8
271 27
272 27
273 27
274 27
275 27
276 27
277 27
278 27
279 9
280 9
281 9
282 9
283 9
284 9
285 9
286 9
287 2
288 2
289 2
290 2
291 28
292 28
293 28
294 28
295 28
296 28
297 28
298 28
299 29
300 29
301 29
302 29
303 29
304 29
305 29
306 29
307 10
308 10
309 10
310 10
311 10
312 10
313 10
314 10
315 30
316 30
317 30
318 30
319 30
320 30
321 30
322 30
323 31
324 31
325 31
326 31
327 31
328 11
329 11
330 11
331 11
332 11
333 11
334 11
335 11
336 32
337 32
338 32
339 32
340 32
341 32
342 32
343 32
344 33
345 33
346 33
347 33
348 33
349 33
350 33
351 33
352 34
353 34
354 3
355 3
356 3
357 35
358 35
359 35
360 35
361 35
362 35
363 35
364 35
365 36
366 36
367 36
368 36
369 36
370 36
371 36
372 36
373 37
374 37
375 37
376 37
377 37
378 37
379 37
380 37
381 38
382 38
383 38
384 38
385 38
386 38
387 38
388 38
389 13
390 13
391 13
392 13
393 13
394 13
395 13
396 13
397 39
398 39
399 40
400 40
401 40
402 40
403 40
404 40
405 40
406 40
407 14
408 14
409 14
410 14
411 14
412 14
413 14
414 14
415 41
416 41
417 41
418 41
419 41
420 41
421 41
422 41
423 15
424 15
425 15
426 15
427 15
428 15
429 15
430 15
431 42
432 42
433 42
434 42
435 42
436 42
437 42
438 42
439 16
440 16
441 16
442 16
443 16
444 16
445 16
446 16
447 43
448 43
449 43
450 43
451 43
452 43
453 43
454 43
455 44
456 44
457 44
458 44
459 44
460 44
461 44
462 44
463 45
464 45
465 45
466 45
467 45
468 45
469 45
470 45
471 6
472 6
473 6
474 6
475 6
476 6
477 6
478 6
479 46
480 46
481 46
482 46
483 46
484 46
485 46
486 46
487 17
488 17
489 17
490 17
491 17
492 17
493 17
494 17
495 47
496 47
497 47
498 47
499 47
500 47
501 47
502 47
503 48
504 48
505 48
506 48
507 48
508 48
509 48
510 48
511 18
512 18
513 18
514 49
515 49
516 49
517 49
518 49
519 49
520 49
521 49
522 19
523 19
524 20
525 20
526 20
527 20
528 20
529 20
530 20
531 20
532 21
533 21
534 21
535 21
536 21
537 21
538 21
539 21
540 22
541 22
542 22
543 22
544 22
545 22
546 22
547 22
548 23
549 23
550 23
551 23
552 23
553 23
554 23
555 23
556 25
557 25
558 25
559 25
560 25
561 25
562 25
563 25
564 26
565 26
566 26
567 26
568 26
569 26
570 26
571 26
572 8
573 8
574 8
575 8
576 8
577 8
578 8
579 8
580 27
581 27
582 27
583 27
584 27
585 9
586 9
587 9
588 9
589 9
590 9
591 9
592 9
593 28
594 28
595 28
596 28
597 28
598 28
599 28
600 28
601 29
602 29
603 29
604 29
605 29
606 29
607 29
608 29
609 10
610 10
611 10
612 10
613 30
614 30
615 30
616 30
617 30
618 30
619 30
620 30
621 11
622 11
623 11
624 11
625 11
626 11
627 11
628 11
629 32
630 32
631 32
632 32
633 32
634 32
635 32
636 32
637 33
638 33
639 33
640 33
641 33
642 33
643 33
644 33
645 35
646 35
647 35
648 35
649 36
650 36
651 36
652 36
653 36
654 36
655 36
656 36
657 37
658 37
659 37
660 37
661 37
662 37
663 37
664 37
665 38
666 38
667 38
668 38
669 38
670 38
671 38
672 38
673 13
674 13
675 13
676 13
677 40
678 40
679 40
680 40
681 40
682 40
683 40
684 40
685 14
686 14
687 14
688 14
689 14
690 14
691 14
692 14
693 41
694 41
695 41
696 41
697 41
698 41
699 41
700 15
701 15
702 15
703 15
704 15
705 15
706 15
707 15
708 42
709 42
710 42
711 42
712 42
713 42
714 42
715 42
716 16
717 16
718 16
719 16
720 16
721 16
722 16
723 16
724 43
725 44
726 45
727 45
728 45
729 45
730 45
731 45
732 45
733 45
734 6
735 6
736 6
737 6
738 46
739 46
740 17
741 17
742 17
743 17
744 17
745 17
746 17
747 17
748 47
749 47
750 47
751 47
752 47
753 47
754 47
755 47
756 48
757 48
758 48
759 48
760 48
761 49
762 49
763 49
764 49
765 49
766 49
767 49
768 49
769 20
770 20
771 20
772 20
773 20
774 21
775 21
776 21
777 21
778 21
779 21
780 21
781 21
782 22
783 22
784 22
785 22
786 22
787 23
788 23
789 23
790 23
791 23
792 23
793 26
794 8
795 8
796 8
797 8
798 8
799 8
800 8
801 8
802 9
803 9
804 9
805 9
806 9
807 9
808 9
809 9
810 28
811 28
812 28
813 28
814 28
815 28
816 28
817 29
818 29
819 29
820 29
821 29
822 29
823 29
824 29
825 30
826 30
827 30
828 30
829 30
830 30
831 30
832 30
833 11
834 11
835 11
836 11
837 11
838 11
839 11
840 11
841 32
842 32
843 32
844 32
845 32
846 32
847 32
848 32
849 33
850 36
851 36
852 36
853 36
854 36
855 36
856 37
857 37
858 37
859 37
860 37
861 37
862 37
863 37
864 38
865 38
866 38
867 38
868 40
869 40
870 40
871 40
872 40
873 40
874 40
875 40
876 14
877 14
878 14
879 14
880 15
881 42
882 42
883 42
884 42
885 42
886 42
887 16
888 16
889 16
890 16
891 16
892 16
893 16
894 16
895 45
896 45
897 45
898 45
899 45
900 45
901 45
902 45
903 17
904 17
905 17
906 17
907 17
908 17
909 17
910 17
911 47
912 47
913 47
914 47
915 47
916 47
917 47
918 47
919 49
920 49
921 49
922 49
923 49
924 49
925 49
926 49
927 21
928 21
929 21
930 21
931 21
932 21
933 21
934 21
935 8
936 8
937 8
938 8
939 8
940 8
941 8
942 8
943 9
944 9
945 9
946 9
947 9
948 9
949 9
950 9
951 30
952 30
953 30
954 30
955 30
956 30
957 30
958 30
959 11
960 11
961 11
962 11
963 11
964 11
965 11
966 11
967 32
968 32
969 32
970 32
971 32
972 32
973 32
974 32
975 37
976 37
977 37
978 37
979 37
980 37
981 37
982 37
983 40
984 40
985 40
986 16
987 16
988 16
989 16
990 16
991 16
992 16
993 16
994 45
995 45
996 45
997 45
998 45
999 45
1000 45
1001 45
1002 17
1003 17
1004 17
1005 17
1006 17
1007 17
1008 17
1009 17
1010 47
1011 47
1012 47
1013 47
1014 47
1015 49
1016 21
1017 21
1018 21
1019 21
1020 21
1021 21
1022 21
1023 21
1024 8
1025 8
1026 8
1027 8
1028 8
1029 8
1030 8
1031 8
1032 9
1033 9
1034 9
1035 9
1036 9
1037 9
1038 9
1039 9
1040 30
1041 30
1042 30
1043 30
1044 30
1045 30
1046 30
1047 30
1048 11
1049 11
1050 11
1051 11
1052 11
1053 11
1054 11
1055 11
1056 32
1057 32
1058 32
1059 32
1060 32
1061 32
1062 32
1063 32
1064 37
1065 37
1066 37
1067 37
1068 37
1069 37
1070 37
1071 37
1072 16
1073 16
1074 16
1075 16
1076 16
1077 16
1078 16
1079 16
1080 45
1081 45
1082 45
1083 45
1084 45
1085 45
1086 45
1087 45
1088 17
1089 17
1090 17
1091 17
1092 17
1093 17
1094 17
1095 17
1096 21
1097 21
1098 21
1099 21
1100 21
1101 21
1102 21
1103 21
1104 8
1105 8
1106 8
1107 8
1108 8
1109 8
1110 8
1111 8
1112 9
1113 9
1114 9
1115 9
1116 9
1117 9
1118 9
1119 9
1120 30
1121 30
1122 30
1123 30
1124 30
1125 30
1126 30
1127 30
1128 11
1129 11
1130 11
1131 11
1132 11
1133 11
1134 11
1135 11
1136 32
1137 32
1138 32
1139 32
1140 32
1141 32
1142 32
1143 32
1144 37
1145 37
1146 37
1147 37
1148 37
1149 37
1150 37
1151 37
1152 16
1153 16
1154 16
1155 16
1156 16
1157 16
1158 16
1159 16
1160 45
1161 45
1162 45
1163 45
1164 45
1165 45
1166 45
1167 45
1168 17
1169 17
1170 17
1171 17
1172 17
1173 17
1174 17
1175 17
1176 21
1177 21
1178 21
1179 21
1180 21
1181 21
1182 21
1183 21
1184 8
1185 8
1186 8
1187 8
1188 8
1189 8
1190 8
1191 8
1192 9
1193 9
1194 9
1195 9
1196 9
1197 9
1198 9
1199 9
1200 30
1201 30
1202 30
1203 30
1204 30
1205 30
1206 30
1207 30
1208 32
1209 32
1210 32
1211 32
1212 32
1213 32
1214 32
1215 32
1216 37
1217 37
1218 37
1219 37
1220 37
1221 37
1222 37
1223 37
1224 45
1225 45
1226 45
1227 45
1228 45
1229 45
1230 45
1231 45
1232 17
1233 17
1234 17
1235 17
1236 17
1237 17
1238 17
1239 17
1240 21
1241 21
1242 21
1243 21
1244 21
1245 21
1246 21
1247 21
1248 8
1249 8
1250 8
1251 8
1252 8
1253 8
1254 8
1255 8
1256 9
1257 9
1258 30
1259 30
1260 30
1261 30
1262 30
1263 30
1264 30
1265 30
1266 32
1267 32
1268 32
1269 32
1270 32
1271 32
1272 32
1273 32
1274 37
1275 37
1276 37
1277 37
1278 37
1279 37
1280 37
1281 37
1282 45
1283 45
1284 45
1285 45
1286 45
1287 45
1288 45
1289 45
1290 17
1291 17
1292 17
1293 17
1294 17
1295 17
1296 17
1297 17
1298 21
1299 21
1300 21
1301 21
1302 21
1303 21
1304 21
1305 21
1306 8
1307 8
1308 8
1309 8
1310 8
1311 8
1312 8
1313 8
1314 30
1315 30
1316 30
1317 30
1318 30
1319 30
1320 30
1321 30
1322 32
1323 32
1324 32
1325 32
1326 32
1327 32
1328 32
1329 32
1330 37
1331 37
1332 37
1333 37
1334 37
1335 37
1336 37
1337 37
1338 45
1339 45
1340 45
1341 45
1342 45
1343 45
1344 45
1345 45
1346 17
1347 17
1348 17
1349 17
1350 17
1351 17
1352 17
1353 21
1354 21
1355 21
1356 21
1357 21
1358 21
1359 21
1360 21
1361 8
1362 8
1363 8
1364 8
1365 8
1366 8
1367 8
1368 8
1369 30
1370 30
1371 30
1372 30
1373 30
1374 30
1375 30
1376 30
1377 32
1378 32
1379 32
1380 32
1381 32
1382 32
1383 32
1384 32
1385 37
1386 37
1387 37
1388 37
1389 37
1390 37
1391 37
1392 37
1393 45
1394 45
1395 21
1396 21
1397 21
1398 8
1399 8
1400 8
1401 8
1402 30
1403 30
1404 30
1405 30
1406 30
1407 30
1408 30
1409 30
1410 32
1411 32
1412 32
1413 32
1414 32
1415 37
1416 37
1417 37
1418 37
1419 37
1420 37
1421 37
1422 37
1423 30
1424 30
1425 30
1426 30
1427 30
1428 30
1429 30
1430 30
1431 37
1432 37
1433 37
1434 37
1435 30
1436 30
1437 -1
