0 -1
1 0
2 0
3 0
4 0
5 0
6 0
7 0
8 0
9 1
10 1
11 1
12 1
13 1
14 1
15 1
16 1
17 2
18 2
19 2
20 2
21 2
22 2
23 2
24 2
25 0
26 0
27 0
28 0
29 0
30 0
31 0
32 0
33 3
34 3
35 3
36 3
37 3
38 3
39 3
40 4
41 4
42 4
43 4
44 4
45 4
46 4
47 4
48 5
49 5
50 5
51 5
52 5
53 5
54 5
55 5
56 6
57 6
58 6
59 6
60 6
61 6
62 6
63 6
64 7
65 7
66 7
67 7
68 7
69 7
70 7
71 7
72 1
73 1
74 1
75 1
76 1
77 1
78 1
79 8
80 8
81 8
82 8
83 8
84 8
85 8
86 8
87 9
88 9
89 9
90 9
91 9
92 9
93 9
94 9
95 10
96 10
97 10
98 10
99 10
100 10
101 10
102 10
103 2
104 11
105 11
106 11
107 11
108 11
109 11
110 11
111 11
112 12
113 12
114 12
115 12
116 12
117 12
118 12
119 12
120 13
121 13
122 13
123 13
124 13
125 13
126 13
127 13
128 14
129 14
130 14
131 14
132 14
133 0
134 0
135 0
136 0
137 0
138 0
139 0
140 0
141 15
142 15
143 15
144 15
145 15
146 15
147 15
148 15
149 16
150 16
151 16
152 16
153 16
154 16
155 16
156 16
157 17
158 17
159 17
160 17
161 17
162 17
163 17
164 17
165 18
166 18
167 18
168 18
169 18
170 18
171 18
172 18
173 4
174 4
175 4
176 19
177 19
178 19
179 19
180 19
181 19
182 19
183 19
184 20
185 20
186 21
187 21
188 21
189 21
190 21
191 21
192 21
193 21
194 5
195 5
196 5
197 5
198 5
199 5
200 5
201 22
202 22
203 22
204 22
205 22
206 22
207 22
208 22
209 23
210 23
211 23
212 23
213 23
214 23
215 23
216 23
217 6
218 6
219 6
220 6
221 6
222 6
223 6
224 6
225 24
226 24
227 24
228 24
229 24
230 24
231 24
232 24
233 25
234 25
235 25
236 25
237 25
238 25
239 25
240 25
241 26
242 26
243 26
244 26
245 26
246 26
247 26
248 26
249 27
250 27
251 27
252 7
253 7
254 7
255 7
256 7
257 7
258 7
259 7
260 28
261 28
262 28
263 28
264 28
265 28
266 28
267 28
268 29
269 29
270 29
271 29
272 29
273 29
274 29
275 29
276 30
277 30
278 30
279 31
280 31
281 31
282 31
283 31
284 31
285 31
286 31
287 32
288 32
289 32
290 32
291 32
292 32
293 32
294 33
295 33
296 33
297 33
298 33
299 33
300 33
301 33
302 34
303 34
304 34
305 34
306 34
307 34
308 8
309 8
310 8
311 8
312 8
313 8
314 8
315 8
316 9
317 9
318 9
319 9
320 9
321 10
322 10
323 10
324 10
325 10
326 10
327 10
328 10
329 35
330 35
331 35
332 35
333 35
334 35
335 35
336 35
337 11
338 11
339 11
340 11
341 11
342 11
343 11
344 11
345 36
346 36
347 36
348 36
349 36
350 36
351 36
352 36
353 12
354 12
355 12
356 12
357 37
358 37
359 37
360 37
361 37
362 37
363 37
364 37
365 13
366 13
367 13
368 13
369 13
370 13
371 13
372 13
373 38
374 38
375 38
376 38
377 39
378 39
379 39
380 39
381 39
382 39
383 39
384 39
385 0
386 0
387 0
388 0
389 0
390 0
391 0
392 0
393 40
394 40
395 40
396 40
397 40
398 40
399 40
400 40
401 15
402 15
403 15
404 15
405 15
406 15
407 15
408 15
409 16
410 16
411 16
412 16
413 16
414 16
415 16
416 16
417 41
418 41
419 41
420 41
421 41
422 41
423 41
424 41
425 42
426 42
427 42
428 42
429 42
430 42
431 42
432 42
433 43
434 43
435 43
436 43
437 43
438 43
439 43
440 43
441 17
442 17
443 17
444 44
445 44
446 44
447 44
448 44
449 44
450 44
451 44
452 45
453 45
454 45
455 45
456 45
457 45
458 45
459 45
460 18
461 18
462 18
463 18
464 18
465 18
466 18
467 18
468 46
469 46
470 46
471 46
472 46
473 46
474 46
475 46
476 47
477 47
478 47
479 47
480 47
481 47
482 47
483 47
484 19
485 19
486 19
487 19
488 19
489 19
490 19
491 19
492 21
493 21
494 21
495 21
496 21
497 21
498 21
499 21
500 48
501 48
502 48
503 48
504 48
505 48
506 48
507 48
508 49
509 49
510 49
511 49
512 49
513 49
514 49
515 49
516 22
517 22
518 22
519 22
520 22
521 22
522 22
523 22
524 23
525 23
526 23
527 23
528 23
529 23
530 23
531 23
532 6
533 6
534 6
535 6
536 6
537 6
538 6
539 6
540 25
541 25
542 25
543 25
544 25
545 25
546 25
547 25
548 26
549 26
550 26
551 26
552 7
553 7
554 7
555 7
556 7
557 7
558 7
559 7
560 28
561 28
562 28
563 28
564 28
565 28
566 28
567 28
568 29
569 29
570 29
571 29
572 29
573 29
574 29
575 29
576 31
577 31
578 31
579 31
580 31
581 31
582 31
583 31
584 33
585 33
586 33
587 33
588 33
589 33
590 33
591 33
592 8
593 8
594 8
595 8
596 8
597 8
598 8
599 8
600 10
601 10
602 10
603 10
604 10
605 10
606 10
607 10
608 35
609 35
610 35
611 35
612 35
613 35
614 35
615 35
616 11
617 11
618 11
619 11
620 11
621 11
622 11
623 11
624 36
625 36
626 36
627 36
628 36
629 36
630 36
631 36
632 37
633 37
634 37
635 37
636 37
637 37
638 37
639 37
640 13
641 13
642 13
643 13
644 13
645 13
646 13
647 13
648 39
649 39
650 39
651 39
652 39
653 39
654 39
655 39
656 0
657 0
658 0
659 0
660 0
661 0
662 0
663 0
664 40
665 40
666 40
667 40
668 40
669 40
670 40
671 40
672 15
673 15
674 15
675 15
676 15
677 15
678 15
679 15
680 16
681 16
682 16
683 16
684 16
685 16
686 16
687 16
688 41
689 41
690 41
691 41
692 41
693 41
694 41
695 41
696 42
697 42
698 42
699 42
700 42
701 42
702 43
703 43
704 43
705 43
706 43
707 43
708 43
709 43
710 44
711 44
712 44
713 44
714 44
715 44
716 44
717 44
718 45
719 45
720 45
721 45
722 45
723 45
724 45
725 45
726 18
727 18
728 18
729 18
730 18
731 18
732 18
733 18
734 46
735 46
736 46
737 46
738 46
739 46
740 46
741 46
742 47
743 47
744 47
745 47
746 47
747 47
748 47
749 47
750 19
751 19
752 19
753 19
754 19
755 19
756 19
757 21
758 21
759 21
760 21
761 21
762 21
763 21
764 21
765 48
766 49
767 49
768 49
769 49
770 49
771 49
772 49
773 49
774 22
775 22
776 22
777 22
778 22
779 22
780 22
781 22
782 23
783 23
784 23
785 23
786 23
787 23
788 23
789 23
790 25
791 25
792 25
793 25
794 25
795 25
796 25
797 25
798 7
799 7
800 7
801 7
802 7
803 28
804 28
805 28
806 28
807 28
808 28
809 28
810 29
811 29
812 29
813 29
814 29
815 29
816 29
817 29
818 31
819 31
820 31
821 31
822 31
823 31
824 31
825 31
826 33
827 10
828 10
829 10
830 10
831 35
832 35
833 35
834 35
835 35
836 35
837 35
838 35
839 11
840 11
841 11
842 11
843 36
844 36
845 36
846 36
847 36
848 36
849 36
850 36
851 37
852 37
853 37
854 13
855 13
856 39
857 39
858 39
859 39
860 39
861 39
862 39
863 39
864 0
865 0
866 0
867 0
868 0
869 0
870 0
871 0
872 40
873 40
874 40
875 40
876 40
877 40
878 40
879 40
880 15
881 15
882 15
883 15
884 15
885 15
886 15
887 15
888 16
889 16
890 16
891 16
892 16
893 16
894 16
895 16
896 41
897 41
898 41
899 41
900 41
901 41
902 41
903 41
904 43
905 43
906 43
907 43
908 43
909 43
910 43
911 43
912 44
913 44
914 44
915 44
916 44
917 44
918 44
919 44
920 45
921 45
922 45
923 45
924 45
925 45
926 45
927 45
928 18
929 18
930 18
931 18
932 18
933 18
934 18
935 18
936 46
937 46
938 46
939 46
940 46
941 46
942 46
943 46
944 47
945 21
946 21
947 21
948 21
949 21
950 21
951 21
952 21
953 49
954 22
955 22
956 22
957 22
958 22
959 22
960 22
961 22
962 23
963 25
964 25
965 29
966 29
967 29
968 29
969 29
970 29
971 29
972 29
973 31
974 31
975 31
976 36
977 36
978 36
979 36
980 36
981 36
982 36
983 36
984 39
985 39
986 0
987 0
988 0
989 0
990 0
991 0
992 0
993 0
994 40
995 40
996 40
997 40
998 40
999 40
1000 40
1001 40
1002 15
1003 15
1004 15
1005 15
1006 15
1007 15
1008 15
1009 15
1010 16
1011 16
1012 16
1013 16
1014 16
1015 16
1016 16
1017 16
1018 41
1019 41
1020 41
1021 43
1022 43
1023 43
1024 43
1025 43
1026 43
1027 43
1028 43
1029 44
1030 44
1031 44
1032 44
1033 44
1034 44
1035 44
1036 44
1037 45
1038 45
1039 45
1040 45
1041 45
1042 45
1043 45
1044 45
1045 18
1046 18
1047 18
1048 18
1049 18
1050 18
1051 18
1052 18
1053 46
1054 46
1055 46
1056 46
1057 46
1058 46
1059 46
1060 46
1061 21
1062 21
1063 21
1064 21
1065 21
1066 21
1067 21
1068 21
1069 22
1070 22
1071 22
1072 22
1073 22
1074 22
1075 22
1076 22
1077 29
1078 29
1079 29
1080 29
1081 29
1082 29
1083 29
1084 29
1085 36
1086 36
1087 36
1088 36
1089 36
1090 36
1091 36
1092 36
1093 0
1094 0
1095 0
1096 0
1097 0
1098 0
1099 0
1100 0
1101 40
1102 40
1103 40
1104 40
1105 40
1106 40
1107 40
1108 40
1109 15
1110 15
1111 15
1112 15
1113 15
1114 15
1115 15
1116 15
1117 16
1118 16
1119 16
1120 16
1121 16
1122 16
1123 16
1124 16
1125 43
1126 43
1127 43
1128 43
1129 43
1130 43
1131 43
1132 43
1133 44
1134 44
1135 44
1136 44
1137 44
1138 44
1139 44
1140 44
1141 45
1142 45
1143 45
1144 45
1145 45
1146 45
1147 45
1148 45
1149 18
1150 18
1151 18
1152 18
1153 18
1154 18
1155 18
1156 18
1157 46
1158 46
1159 46
1160 46
1161 46
1162 46
1163 46
1164 46
1165 21
1166 21
1167 21
1168 21
1169 21
1170 21
1171 21
1172 21
1173 22
1174 22
1175 22
1176 22
1177 22
1178 22
1179 22
1180 22
1181 29
1182 29
1183 29
1184 29
1185 29
1186 29
1187 29
1188 29
1189 36
1190 36
1191 36
1192 36
1193 36
1194 36
1195 36
1196 36
1197 0
1198 0
1199 0
1200 0
1201 0
1202 0
1203 0
1204 0
1205 40
1206 40
1207 40
1208 40
1209 40
1210 40
1211 40
1212 40
1213 15
1214 15
1215 15
1216 15
1217 15
1218 15
1219 15
1220 15
1221 16
1222 16
1223 16
1224 16
1225 16
1226 16
1227 16
1228 16
1229 43
1230 43
1231 43
1232 43
1233 43
1234 43
1235 43
1236 43
1237 44
1238 44
1239 44
1240 44
1241 44
1242 44
1243 44
1244 44
1245 45
1246 45
1247 45
1248 45
1249 45
1250 45
1251 45
1252 45
1253 18
1254 18
1255 18
1256 18
1257 18
1258 18
1259 18
1260 18
1261 46
1262 46
1263 46
1264 46
1265 46
1266 46
1267 46
1268 46
1269 21
1270 21
1271 22
1272 22
1273 22
1274 22
1275 22
1276 22
1277 22
1278 22
1279 29
1280 29
1281 29
1282 29
1283 29
1284 29
1285 29
1286 29
1287 36
1288 36
1289 36
1290 36
1291 36
1292 36
1293 36
1294 36
1295 40
1296 40
1297 15
1298 15
1299 15
1300 15
1301 15
1302 15
1303 15
1304 15
1305 16
1306 16
1307 16
1308 16
1309 16
1310 16
1311 16
1312 16
1313 43
1314 43
1315 43
1316 43
1317 43
1318 43
1319 43
1320 43
1321 44
1322 44
1323 44
1324 44
1325 44
1326 44
1327 44
1328 44
1329 45
1330 45
1331 45
1332 45
1333 45
1334 45
1335 45
1336 45
1337 18
1338 18
1339 18
1340 18
1341 18
1342 18
1343 18
1344 18
1345 46
1346 46
1347 46
1348 46
1349 46
1350 46
1351 46
1352 46
1353 22
1354 22
1355 22
1356 22
1357 22
1358 22
1359 22
1360 22
1361 29
1362 29
1363 29
1364 29
1365 29
1366 29
1367 29
1368 36
1369 36
1370 36
1371 36
1372 36
1373 36
1374 36
1375 36
1376 15
1377 15
1378 15
1379 15
1380 15
1381 16
1382 16
1383 16
1384 16
1385 16
1386 16
1387 43
1388 43
1389 43
1390 43
1391 43
1392 43
1393 43
1394 43
1395 44
1396 44
1397 44
1398 44
1399 44
1400 44
1401 44
1402 44
1403 45
1404 45
1405 45
1406 45
1407 45
1408 45
1409 45
1410 45
1411 18
1412 18
1413 18
1414 18
1415 18
1416 18
1417 18
1418 18
1419 46
1420 22
1421 22
1422 22
1423 22
1424 22
1425 22
1426 22
1427 22
1428 36
1429 36
1430 36
1431 36
1432 43
1433 43
1434 43
1435 43
1436 43
1437 43
1438 43
1439 43
1440 44
1441 44
1442 44
1443 44
1444 45
1445 45
1446 45
1447 45
1448 45
1449 45
1450 45
1451 45
1452 18
1453 18
1454 18
1455 18
1456 18
1457 18
1458 18
1459 18
1460 22
1461 22
1462 22
1463 22
1464 22
1465 22
1466 22
1467 22
1468 43
1469 43
1470 43
1471 45
1472 45
1473 45
1474 45
1475 45
1476 45
1477 45
1478 45
1479 18
1480 18
1481 18
1482 18
1483 18
1484 18
1485 22
1486 22
1487 22
1488 22
1489 22
1490 22
1491 22
1492 22
1493 45
1494 45
1495 45
1496 45
1497 45
1498 45
1499 45
1500 45
1501 22
1502 45
1503 45
1504 -1
