0 -1
1 -1
2 -1
3 -1
4 -1
5 -1
6 -1
7 -1
8 0
9 0
10 0
11 0
12 0
13 0
14 0
15 0
16 1
17 1
18 1
19 1
20 1
21 1
22 1
23 1
24 2
25 2
26 2
27 2
28 2
29 2
30 2
31 2
32 3
33 3
34 3
35 0
36 0
37 0
38 0
39 0
40 0
41 0
42 0
43 4
44 4
45 4
46 4
47 4
48 4
49 4
50 4
51 5
52 5
53 5
54 5
55 5
56 5
57 5
58 5
59 1
60 1
61 1
62 1
63 1
64 1
65 1
66 1
67 6
68 6
69 6
70 6
71 6
72 6
73 6
74 6
75 7
76 7
77 7
78 7
79 7
80 7
81 7
82 7
83 8
84 8
85 8
86 8
87 8
88 8
89 8
90 8
91 2
92 2
93 2
94 2
95 2
96 2
97 2
98 2
99 9
100 9
101 9
102 10
103 10
104 10
105 10
106 10
107 10
108 10
109 10
110 0
111 0
112 0
113 0
114 0
115 0
116 0
117 0
118 11
119 11
120 11
121 11
122 11
123 11
124 11
125 11
126 12
127 12
128 12
129 12
130 12
131 12
132 12
133 12
134 13
135 13
136 13
137 13
138 13
139 13
140 13
141 13
142 14
143 14
144 14
145 14
146 14
147 14
148 14
149 14
150 15
151 15
152 15
153 15
154 15
155 15
156 15
157 15
158 4
159 4
160 4
161 4
162 4
163 4
164 4
165 4
166 16
167 16
168 16
169 16
170 16
171 16
172 16
173 16
174 5
175 5
176 5
177 5
178 5
179 5
180 5
181 5
182 17
183 17
184 17
185 17
186 17
187 17
188 17
189 17
190 1
191 1
192 1
193 1
194 1
195 1
196 1
197 1
198 18
199 18
200 18
201 18
202 18
203 18
204 18
205 18
206 6
207 6
208 6
209 6
210 6
211 6
212 6
213 19
214 19
215 19
216 19
217 19
218 19
219 19
220 19
221 7
222 7
223 7
224 7
225 7
226 7
227 7
228 7
229 20
230 20
231 20
232 20
233 20
234 20
235 20
236 20
237 21
238 21
239 21
240 21
241 21
242 21
243 21
244 21
245 22
246 22
247 22
248 22
249 22
250 22
251 22
252 22
253 8
254 8
255 8
256 8
257 8
258 8
259 8
260 8
261 2
262 2
263 2
264 2
265 2
266 23
267 23
268 23
269 23
270 23
271 23
272 23
273 23
274 24
275 24
276 24
277 24
278 24
279 24
280 24
281 24
282 10
283 10
284 10
285 10
286 10
287 25
288 25
289 25
290 25
291 25
292 25
293 25
294 25
295 26
296 26
297 26
298 26
299 26
300 26
301 26
302 26
303 0
304 0
305 0
306 0
307 0
308 0
309 0
310 0
311 27
312 27
313 27
314 27
315 27
316 27
317 27
318 27
319 28
320 28
321 28
322 28
323 28
324 28
325 28
326 28
327 11
328 11
329 11
330 11
331 11
332 11
333 11
334 11
335 29
336 29
337 29
338 29
339 29
340 29
341 29
342 29
343 30
344 30
345 30
346 30
347 30
348 30
349 30
350 30
351 12
352 12
353 12
354 12
355 12
356 12
357 12
358 12
359 31
360 31
361 31
362 31
363 31
364 31
365 31
366 31
367 32
368 32
369 32
370 32
371 32
372 32
373 32
374 32
375 33
376 33
377 33
378 33
379 33
380 33
381 33
382 33
383 13
384 13
385 13
386 13
387 13
388 13
389 13
390 13
391 34
392 34
393 34
394 34
395 34
396 34
397 34
398 34
399 35
400 35
401 35
402 35
403 35
404 35
405 35
406 35
407 36
408 36
409 36
410 36
411 36
412 36
413 36
414 36
415 37
416 37
417 37
418 37
419 37
420 37
421 37
422 37
423 14
424 14
425 14
426 14
427 14
428 14
429 14
430 14
431 38
432 38
433 38
434 38
435 39
436 39
437 39
438 39
439 39
440 39
441 39
442 39
443 40
444 40
445 40
446 40
447 40
448 40
449 40
450 40
451 15
452 15
453 15
454 15
455 15
456 15
457 15
458 15
459 41
460 41
461 41
462 41
463 41
464 41
465 41
466 41
467 4
468 4
469 4
470 4
471 4
472 16
473 16
474 16
475 16
476 16
477 16
478 16
479 16
480 42
481 42
482 42
483 42
484 42
485 42
486 42
487 42
488 43
489 43
490 43
491 43
492 43
493 43
494 43
495 43
496 44
497 44
498 44
499 44
500 44
501 44
502 44
503 44
504 45
505 45
506 45
507 45
508 45
509 45
510 45
511 45
512 46
513 46
514 46
515 46
516 46
517 46
518 46
519 46
520 5
521 5
522 5
523 5
524 5
525 5
526 5
527 5
528 17
529 17
530 17
531 17
532 17
533 17
534 17
535 17
536 47
537 47
538 47
539 47
540 47
541 47
542 47
543 47
544 48
545 48
546 48
547 48
548 48
549 48
550 48
551 48
552 1
553 49
554 49
555 49
556 49
557 49
558 49
559 49
560 49
561 18
562 18
563 18
564 18
565 19
566 19
567 19
568 19
569 19
570 19
571 19
572 19
573 7
574 7
575 7
576 7
577 7
578 7
579 7
580 7
581 20
582 20
583 20
584 20
585 20
586 20
587 20
588 20
589 21
590 21
591 21
592 21
593 21
594 21
595 21
596 21
597 22
598 22
599 22
600 22
601 22
602 22
603 22
604 22
605 8
606 8
607 8
608 8
609 8
610 8
611 8
612 8
613 23
614 24
615 24
616 24
617 24
618 25
619 25
620 25
621 25
622 25
623 25
624 25
625 25
626 26
627 26
628 26
629 26
630 26
631 26
632 26
633 26
634 0
635 0
636 0
637 0
638 0
639 0
640 0
641 0
642 27
643 27
644 27
645 27
646 27
647 27
648 27
649 27
650 28
651 28
652 28
653 28
654 28
655 28
656 28
657 28
658 11
659 11
660 11
661 11
662 11
663 11
664 11
665 11
666 29
667 29
668 29
669 29
670 29
671 29
672 29
673 29
674 30
675 30
676 30
677 30
678 30
679 30
680 30
681 30
682 12
683 12
684 12
685 12
686 12
687 12
688 12
689 12
690 31
691 31
692 31
693 31
694 31
695 31
696 31
697 31
698 32
699 32
700 32
701 32
702 32
703 32
704 32
705 32
706 33
707 33
708 33
709 33
710 33
711 33
712 33
713 33
714 13
715 34
716 34
717 34
718 34
719 34
720 34
721 34
722 34
723 35
724 35
725 35
726 35
727 35
728 35
729 35
730 37
731 37
732 37
733 37
734 37
735 37
736 14
737 14
738 14
739 14
740 14
741 14
742 14
743 14
744 39
745 39
746 39
747 40
748 40
749 40
750 40
751 40
752 40
753 40
754 40
755 15
756 15
757 15
758 15
759 15
760 15
761 15
762 15
763 41
764 41
765 41
766 41
767 41
768 41
769 41
770 41
771 16
772 42
773 42
774 42
775 42
776 42
777 42
778 42
779 42
780 43
781 43
782 43
783 43
784 43
785 44
786 45
787 45
788 45
789 45
790 45
791 45
792 45
793 45
794 46
795 46
796 46
797 5
798 5
799 5
800 5
801 5
802 5
803 5
804 5
805 17
806 17
807 17
808 17
809 17
810 17
811 17
812 17
813 47
814 47
815 47
816 47
817 47
818 47
819 47
820 47
821 48
822 48
823 48
824 48
825 48
826 48
827 48
828 48
829 49
830 49
831 49
832 49
833 49
834 49
835 49
836 19
837 19
838 19
839 7
840 7
841 7
842 20
843 20
844 20
845 20
846 20
847 20
848 21
849 21
850 21
851 21
852 21
853 21
854 21
855 21
856 22
857 22
858 22
859 22
860 22
861 22
862 22
863 22
864 25
865 25
866 25
867 25
868 25
869 25
870 25
871 25
872 26
873 26
874 0
875 0
876 0
877 0
878 0
879 0
880 0
881 0
882 27
883 28
884 28
885 28
886 28
887 11
888 11
889 11
890 11
891 11
892 11
893 11
894 11
895 29
896 29
897 29
898 29
899 29
900 29
901 29
902 29
903 30
904 30
905 30
906 30
907 30
908 30
909 30
910 30
911 12
912 12
913 12
914 12
915 31
916 31
917 31
918 31
919 31
920 31
921 31
922 31
923 32
924 32
925 32
926 32
927 32
928 32
929 32
930 32
931 33
932 33
933 33
934 33
935 33
936 33
937 33
938 33
939 34
940 34
941 34
942 34
943 34
944 34
945 34
946 34
947 14
948 14
949 14
950 40
951 40
952 40
953 40
954 40
955 40
956 40
957 40
958 15
959 15
960 15
961 15
962 15
963 15
964 15
965 15
966 41
967 41
968 41
969 41
970 41
971 41
972 41
973 41
974 42
975 42
976 42
977 42
978 42
979 42
980 42
981 42
982 45
983 45
984 45
985 45
986 45
987 45
988 45
989 45
990 5
991 5
992 5
993 5
994 5
995 5
996 5
997 5
998 17
999 17
1000 47
1001 47
1002 47
1003 47
1004 47
1005 47
1006 47
1007 47
1008 48
1009 48
1010 48
1011 48
1012 48
1013 48
1014 48
1015 48
1016 21
1017 21
1018 21
1019 21
1020 21
1021 21
1022 21
1023 21
1024 22
1025 22
1026 22
1027 22
1028 22
1029 22
1030 22
1031 22
1032 25
1033 25
1034 25
1035 25
1036 25
1037 0
1038 0
1039 0
1040 0
1041 0
1042 0
1043 0
1044 0
1045 11
1046 11
1047 11
1048 11
1049 11
1050 11
1051 11
1052 11
1053 29
1054 29
1055 29
1056 29
1057 29
1058 29
1059 29
1060 29
1061 30
1062 30
1063 30
1064 30
1065 30
1066 30
1067 30
1068 30
1069 31
1070 31
1071 31
1072 31
1073 31
1074 31
1075 31
1076 31
1077 32
1078 32
1079 32
1080 32
1081 32
1082 32
1083 32
1084 32
1085 33
1086 33
1087 34
1088 34
1089 34
1090 34
1091 34
1092 34
1093 34
1094 34
1095 40
1096 40
1097 40
1098 40
1099 40
1100 40
1101 40
1102 40
1103 15
1104 15
1105 15
1106 15
1107 15
1108 15
1109 15
1110 15
1111 41
1112 42
1113 42
1114 45
1115 45
1116 45
1117 45
1118 45
1119 5
1120 5
1121 5
1122 5
1123 5
1124 5
1125 5
1126 5
1127 47
1128 47
1129 47
1130 48
1131 48
1132 48
1133 48
1134 48
1135 21
1136 21
1137 21
1138 21
1139 21
1140 21
1141 21
1142 21
1143 22
1144 22
1145 22
1146 22
1147 22
1148 22
1149 22
1150 22
1151 0
1152 0
1153 0
1154 0
1155 0
1156 0
1157 0
1158 0
1159 11
1160 11
1161 11
1162 11
1163 11
1164 11
1165 11
1166 11
1167 29
1168 29
1169 29
1170 29
1171 29
1172 29
1173 29
1174 29
1175 30
1176 30
1177 30
1178 30
1179 30
1180 30
1181 30
1182 30
1183 31
1184 31
1185 31
1186 31
1187 31
1188 31
1189 31
1190 31
1191 32
1192 32
1193 32
1194 32
1195 32
1196 32
1197 32
1198 32
1199 34
1200 34
1201 34
1202 34
1203 34
1204 34
1205 34
1206 34
1207 40
1208 40
1209 40
1210 40
1211 40
1212 40
1213 40
1214 40
1215 15
1216 15
1217 15
1218 15
1219 15
1220 15
1221 15
1222 15
1223 5
1224 5
1225 5
1226 5
1227 5
1228 5
1229 5
1230 5
1231 21
1232 21
1233 21
1234 21
1235 21
1236 21
1237 21
1238 21
1239 22
1240 22
1241 22
1242 22
1243 22
1244 22
1245 22
1246 22
1247 0
1248 0
1249 0
1250 0
1251 0
1252 0
1253 0
1254 0
1255 11
1256 11
1257 11
1258 11
1259 11
1260 11
1261 11
1262 11
1263 29
1264 29
1265 29
1266 29
1267 29
1268 29
1269 29
1270 29
1271 30
1272 30
1273 30
1274 30
1275 30
1276 30
1277 30
1278 30
1279 31
1280 31
1281 31
1282 31
1283 31
1284 31
1285 31
1286 31
1287 32
1288 32
1289 32
1290 32
1291 32
1292 32
1293 32
1294 32
1295 34
1296 34
1297 34
1298 34
1299 34
1300 34
1301 34
1302 34
1303 40
1304 40
1305 40
1306 40
1307 40
1308 40
1309 40
1310 40
1311 15
1312 15
1313 15
1314 15
1315 15
1316 15
1317 15
1318 15
1319 5
1320 5
1321 5
1322 21
1323 21
1324 21
1325 21
1326 21
1327 21
1328 21
1329 21
1330 22
1331 22
1332 22
1333 22
1334 22
1335 22
1336 22
1337 22
1338 11
1339 11
1340 11
1341 11
1342 11
1343 11
1344 11
1345 11
1346 29
1347 29
1348 29
1349 29
1350 29
1351 29
1352 29
1353 29
1354 30
1355 30
1356 30
1357 30
1358 30
1359 30
1360 30
1361 30
1362 31
1363 31
1364 31
1365 31
1366 31
1367 31
1368 31
1369 31
1370 32
1371 32
1372 32
1373 32
1374 32
1375 32
1376 32
1377 32
1378 34
1379 34
1380 34
1381 34
1382 34
1383 34
1384 34
1385 34
1386 40
1387 40
1388 40
1389 40
1390 40
1391 40
1392 40
1393 40
1394 15
1395 15
1396 15
1397 15
1398 15
1399 15
1400 15
1401 15
1402 21
1403 21
1404 21
1405 21
1406 21
1407 21
1408 21
1409 21
1410 22
1411 22
1412 22
1413 22
1414 22
1415 22
1416 22
1417 22
1418 11
1419 11
1420 11
1421 11
1422 11
1423 29
1424 29
1425 29
1426 29
1427 29
1428 29
1429 29
1430 29
1431 30
1432 30
1433 30
1434 30
1435 30
1436 30
1437 30
1438 30
1439 31
1440 31
1441 31
1442 31
1443 31
1444 31
1445 31
1446 31
1447 32
1448 32
1449 32
1450 32
1451 32
1452 32
1453 34
1454 34
1455 34
1456 34
1457 34
1458 34
1459 34
1460 34
1461 40
1462 40
1463 40
1464 15
1465 15
1466 15
1467 21
1468 21
1469 21
1470 21
1471 21
1472 21
1473 21
1474 21
1475 22
1476 22
1477 22
1478 22
1479 22
1480 22
1481 22
1482 22
1483 29
1484 29
1485 29
1486 29
1487 29
1488 29
1489 29
1490 29
1491 30
1492 30
1493 30
1494 30
1495 30
1496 30
1497 30
1498 30
1499 31
1500 31
1501 31
1502 31
1503 31
1504 31
1505 31
1506 31
1507 34
1508 34
1509 34
1510 34
1511 21
1512 21
1513 21
1514 21
1515 21
1516 21
1517 21
1518 21
1519 22
1520 22
1521 22
1522 22
1523 22
1524 22
1525 22
1526 22
1527 29
1528 29
1529 29
1530 29
1531 29
1532 29
1533 29
1534 29
1535 30
1536 30
1537 30
1538 30
1539 30
1540 30
1541 30
1542 30
1543 31
1544 31
1545 31
1546 31
1547 31
1548 31
1549 31
1550 31
1551 21
1552 21
1553 21
1554 21
1555 21
1556 21
1557 21
1558 21
1559 22
1560 22
1561 22
1562 22
1563 22
1564 22
1565 22
1566 22
1567 30
1568 30
1569 30
1570 30
1571 30
1572 30
1573 30
1574 30
1575 31
1576 31
1577 31
1578 31
1579 31
1580 31
1581 31
1582 31
1583 21
1584 21
1585 21
1586 21
1587 21
1588 21
1589 21
1590 22
1591 22
1592 22
1593 30
1594 31
1595 31
1596 31
1597 31
1598 31
1599 -1
