0 -1
1 -1
2 0
3 0
4 0
5 0
6 0
7 0
8 0
9 0
10 0
11 1
12 1
13 1
14 1
15 1
16 1
17 1
18 1
19 2
20 2
21 2
22 2
23 2
24 2
25 2
26 2
27 1
28 1
29 1
30 3
31 3
32 3
33 3
34 3
35 3
36 3
37 3
38 4
39 4
40 4
41 4
42 4
43 4
44 4
45 4
46 5
47 5
48 5
49 5
50 5
51 5
52 5
53 5
54 6
55 6
56 6
57 6
58 6
59 6
60 6
61 6
62 7
63 7
64 7
65 7
66 7
67 7
68 7
69 7
70 2
71 2
72 8
73 8
74 8
75 8
76 8
77 8
78 8
79 8
80 9
81 9
82 9
83 9
84 9
85 9
86 9
87 9
88 3
89 3
90 3
91 3
92 3
93 3
94 3
95 3
96 10
97 10
98 10
99 10
100 10
101 10
102 10
103 10
104 4
105 4
106 4
107 4
108 4
109 4
110 4
111 4
112 11
113 11
114 11
115 11
116 11
117 11
118 5
119 5
120 5
121 5
122 5
123 5
124 5
125 5
126 12
127 12
128 12
129 12
130 12
131 12
132 12
133 12
134 13
135 13
136 13
137 13
138 13
139 13
140 14
141 14
142 14
143 14
144 14
145 14
146 14
147 14
148 15
149 15
150 15
151 15
152 15
153 15
154 15
155 15
156 6
157 6
158 6
159 6
160 6
161 6
162 16
163 16
164 16
165 16
166 16
167 16
168 16
169 16
170 17
171 17
172 17
173 17
174 17
175 17
176 17
177 17
178 7
179 7
180 7
181 7
182 7
183 7
184 7
185 7
186 8
187 8
188 8
189 8
190 8
191 8
192 8
193 8
194 18
195 18
196 18
197 18
198 18
199 18
200 18
201 18
202 9
203 9
204 9
205 9
206 9
207 9
208 9
209 9
210 19
211 19
212 19
213 19
214 19
215 19
216 19
217 19
218 20
219 20
220 20
221 20
222 20
223 20
224 20
225 20
226 3
227 3
228 3
229 3
230 3
231 3
232 3
233 3
234 10
235 10
236 10
237 10
238 10
239 10
240 10
241 10
242 4
243 4
244 4
245 4
246 4
247 4
248 4
249 4
250 21
251 21
252 21
253 21
254 21
255 21
256 21
257 21
258 22
259 22
260 22
261 22
262 22
263 22
264 22
265 22
266 23
267 23
268 23
269 23
270 23
271 23
272 23
273 23
274 24
275 24
276 24
277 24
278 24
279 24
280 24
281 24
282 25
283 25
284 25
285 25
286 25
287 25
288 25
289 25
290 26
291 26
292 26
293 26
294 26
295 26
296 26
297 26
298 5
299 5
300 5
301 5
302 5
303 5
304 5
305 5
306 27
307 27
308 27
309 27
310 27
311 27
312 27
313 28
314 28
315 28
316 28
317 28
318 28
319 28
320 28
321 12
322 12
323 12
324 12
325 12
326 12
327 12
328 12
329 29
330 29
331 29
332 29
333 29
334 29
335 29
336 29
337 30
338 30
339 30
340 30
341 30
342 30
343 31
344 31
345 31
346 31
347 31
348 31
349 31
350 31
351 32
352 32
353 32
354 32
355 32
356 32
357 32
358 32
359 33
360 33
361 33
362 33
363 33
364 33
365 33
366 33
367 14
368 34
369 34
370 34
371 34
372 34
373 34
374 34
375 34
376 35
377 35
378 35
379 35
380 35
381 35
382 35
383 35
384 36
385 36
386 36
387 36
388 36
389 36
390 36
391 36
392 37
393 37
394 38
395 38
396 38
397 38
398 38
399 38
400 38
401 38
402 39
403 39
404 39
405 39
406 39
407 39
408 39
409 39
410 16
411 16
412 16
413 16
414 16
415 40
416 40
417 40
418 40
419 40
420 40
421 40
422 40
423 41
424 41
425 41
426 41
427 41
428 41
429 41
430 41
431 42
432 42
433 42
434 42
435 42
436 17
437 17
438 17
439 17
440 17
441 17
442 17
443 17
444 43
445 43
446 43
447 43
448 43
449 43
450 43
451 43
452 44
453 44
454 44
455 44
456 44
457 44
458 44
459 44
460 45
461 45
462 45
463 46
464 46
465 46
466 46
467 46
468 46
469 46
470 46
471 7
472 7
473 7
474 47
475 47
476 47
477 47
478 47
479 47
480 47
481 47
482 48
483 48
484 48
485 48
486 48
487 48
488 48
489 48
490 8
491 8
492 8
493 8
494 49
495 49
496 49
497 18
498 18
499 18
500 18
501 18
502 18
503 18
504 18
505 19
506 19
507 19
508 19
509 19
510 19
511 19
512 19
513 20
514 20
515 20
516 20
517 20
518 20
519 20
520 20
521 3
522 3
523 3
524 3
525 3
526 3
527 3
528 3
529 10
530 10
531 10
532 10
533 10
534 10
535 10
536 10
537 4
538 4
539 21
540 21
541 21
542 21
543 21
544 21
545 21
546 22
547 22
548 22
549 22
550 22
551 22
552 22
553 22
554 23
555 23
556 23
557 23
558 23
559 23
560 23
561 23
562 24
563 24
564 24
565 24
566 24
567 24
568 24
569 24
570 25
571 25
572 25
573 25
574 25
575 25
576 25
577 25
578 26
579 26
580 26
581 26
582 26
583 5
584 5
585 5
586 28
587 28
588 28
589 28
590 28
591 28
592 28
593 28
594 12
595 12
596 12
597 12
598 12
599 12
600 12
601 12
602 29
603 29
604 29
605 29
606 29
607 29
608 29
609 29
610 31
611 31
612 31
613 31
614 31
615 31
616 31
617 31
618 32
619 32
620 32
621 32
622 32
623 32
624 32
625 32
626 33
627 33
628 33
629 34
630 34
631 34
632 34
633 34
634 34
635 34
636 34
637 35
638 35
639 35
640 35
641 35
642 35
643 35
644 35
645 36
646 36
647 36
648 36
649 36
650 38
651 38
652 38
653 38
654 38
655 38
656 38
657 38
658 39
659 39
660 39
661 39
662 39
663 39
664 39
665 39
666 40
667 40
668 40
669 40
670 40
671 40
672 40
673 40
674 41
675 43
676 43
677 43
678 43
679 43
680 44
681 44
682 44
683 44
684 44
685 44
686 44
687 44
688 46
689 46
690 46
691 46
692 46
693 46
694 46
695 46
696 47
697 47
698 47
699 48
700 48
701 48
702 48
703 48
704 48
705 48
706 48
707 18
708 18
709 18
710 18
711 18
712 18
713 18
714 18
715 19
716 19
717 19
718 19
719 19
720 19
721 19
722 19
723 20
724 20
725 20
726 20
727 20
728 20
729 20
730 20
731 3
732 3
733 3
734 3
735 3
736 3
737 3
738 3
739 10
740 10
741 10
742 10
743 10
744 10
745 10
746 10
747 22
748 22
749 22
750 22
751 22
752 22
753 23
754 23
755 23
756 24
757 24
758 24
759 24
760 24
761 24
762 24
763 24
764 25
765 25
766 25
767 25
768 25
769 28
770 28
771 28
772 28
773 28
774 28
775 28
776 28
777 29
778 29
779 29
780 29
781 29
782 29
783 29
784 29
785 31
786 31
787 31
788 31
789 31
790 31
791 31
792 31
793 32
794 32
795 32
796 32
797 32
798 32
799 32
800 32
801 34
802 34
803 34
804 34
805 35
806 35
807 35
808 35
809 35
810 38
811 38
812 38
813 38
814 38
815 38
816 38
817 39
818 39
819 40
820 40
821 40
822 40
823 40
824 40
825 40
826 40
827 44
828 44
829 44
830 44
831 44
832 44
833 44
834 44
835 46
836 46
837 46
838 46
839 46
840 46
841 46
842 48
843 48
844 48
845 48
846 48
847 18
848 18
849 18
850 18
851 18
852 18
853 18
854 18
855 19
856 19
857 19
858 19
859 19
860 19
861 19
862 19
863 20
864 20
865 20
866 3
867 3
868 3
869 3
870 3
871 3
872 3
873 3
874 10
875 10
876 10
877 10
878 10
879 10
880 10
881 10
882 24
883 24
884 24
885 24
886 24
887 24
888 24
889 24
890 29
891 29
892 29
893 29
894 29
895 29
896 29
897 29
898 31
899 31
900 31
901 31
902 31
903 31
904 31
905 31
906 32
907 32
908 40
909 40
910 40
911 40
912 40
913 40
914 40
915 40
916 44
917 18
918 18
919 18
920 18
921 18
922 18
923 18
924 18
925 19
926 19
927 19
928 19
929 19
930 19
931 19
932 19
933 3
934 3
935 3
936 3
937 3
938 3
939 3
940 3
941 10
942 10
943 10
944 10
945 10
946 10
947 10
948 10
949 24
950 24
951 24
952 24
953 24
954 24
955 24
956 24
957 29
958 29
959 29
960 29
961 29
962 29
963 29
964 29
965 31
966 31
967 31
968 31
969 31
970 31
971 31
972 31
973 40
974 40
975 40
976 40
977 40
978 40
979 40
980 40
981 18
982 18
983 18
984 18
985 18
986 18
987 18
988 18
989 19
990 19
991 19
992 19
993 19
994 19
995 19
996 19
997 3
998 3
999 3
1000 3
1001 3
1002 3
1003 3
1004 3
1005 10
1006 10
1007 10
1008 10
1009 10
1010 10
1011 10
1012 10
1013 24
1014 24
1015 24
1016 24
1017 24
1018 24
1019 24
1020 24
1021 29
1022 29
1023 29
1024 29
1025 29
1026 29
1027 29
1028 29
1029 31
1030 31
1031 31
1032 31
1033 31
1034 31
1035 31
1036 31
1037 40
1038 40
1039 40
1040 40
1041 40
1042 40
1043 40
1044 40
1045 18
1046 18
1047 18
1048 18
1049 18
1050 18
1051 18
1052 18
1053 19
1054 19
1055 19
1056 19
1057 19
1058 19
1059 19
1060 19
1061 3
1062 3
1063 3
1064 3
1065 3
1066 3
1067 3
1068 3
1069 10
1070 10
1071 10
1072 10
1073 10
1074 10
1075 10
1076 10
1077 24
1078 24
1079 24
1080 24
1081 24
1082 24
1083 24
1084 24
1085 29
1086 29
1087 29
1088 29
1089 29
1090 29
1091 29
1092 29
1093 31
1094 31
1095 31
1096 31
1097 31
1098 31
1099 31
1100 31
1101 40
1102 40
1103 40
1104 40
1105 40
1106 40
1107 40
1108 40
1109 18
1110 18
1111 18
1112 18
1113 18
1114 18
1115 18
1116 18
1117 19
1118 19
1119 19
1120 19
1121 19
1122 19
1123 19
1124 19
1125 3
1126 3
1127 3
1128 10
1129 10
1130 10
1131 10
1132 10
1133 10
1134 10
1135 10
1136 24
1137 24
1138 24
1139 24
1140 24
1141 24
1142 24
1143 24
1144 29
1145 29
1146 29
1147 29
1148 29
1149 29
1150 29
1151 29
1152 31
1153 31
1154 31
1155 31
1156 31
1157 31
1158 31
1159 31
1160 40
1161 40
1162 40
1163 40
1164 40
1165 40
1166 40
1167 40
1168 18
1169 18
1170 18
1171 18
1172 18
1173 18
1174 18
1175 18
1176 19
1177 19
1178 19
1179 19
1180 19
1181 19
1182 19
1183 19
1184 10
1185 10
1186 10
1187 10
1188 24
1189 24
1190 24
1191 24
1192 24
1193 24
1194 24
1195 24
1196 29
1197 29
1198 29
1199 29
1200 29
1201 29
1202 29
1203 29
1204 31
1205 31
1206 31
1207 31
1208 31
1209 40
1210 40
1211 40
1212 40
1213 40
1214 40
1215 40
1216 40
1217 18
1218 18
1219 18
1220 18
1221 18
1222 18
1223 18
1224 18
1225 19
1226 19
1227 19
1228 19
1229 19
1230 19
1231 19
1232 19
1233 24
1234 24
1235 24
1236 24
1237 24
1238 24
1239 24
1240 24
1241 29
1242 29
1243 40
1244 40
1245 40
1246 40
1247 40
1248 40
1249 40
1250 40
1251 18
1252 18
1253 18
1254 18
1255 18
1256 18
1257 18
1258 18
1259 19
1260 19
1261 19
1262 19
1263 19
1264 19
1265 19
1266 19
1267 24
1268 24
1269 24
1270 24
1271 24
1272 24
1273 24
1274 24
1275 40
1276 40
1277 40
1278 40
1279 40
1280 40
1281 40
1282 18
1283 18
1284 18
1285 18
1286 18
1287 18
1288 18
1289 18
1290 19
1291 19
1292 19
1293 19
1294 24
1295 24
1296 24
1297 24
1298 24
1299 24
1300 24
1301 24
1302 18
1303 24
1304 -1
