0 -1
1 -1
2 -1
3 -1
4 -1
5 -1
6 0
7 0
8 0
9 0
10 0
11 0
12 0
13 0
14 0
15 0
16 0
17 0
18 0
19 0
20 0
21 0
22 1
23 1
24 1
25 1
26 1
27 1
28 1
29 1
30 0
31 0
32 0
33 0
34 0
35 0
36 0
37 2
38 2
39 2
40 2
41 2
42 2
43 2
44 2
45 1
46 1
47 1
48 1
49 1
50 3
51 3
52 3
53 3
54 3
55 3
56 3
57 3
58 4
59 4
60 4
61 4
62 4
63 4
64 4
65 4
66 5
67 5
68 5
69 5
70 5
71 5
72 5
73 5
74 6
75 6
76 6
77 6
78 6
79 6
80 6
81 6
82 2
83 2
84 2
85 2
86 2
87 2
88 2
89 2
90 7
91 7
92 7
93 7
94 7
95 7
96 7
97 7
98 8
99 8
100 8
101 8
102 8
103 8
104 8
105 8
106 9
107 9
108 9
109 9
110 9
111 9
112 9
113 9
114 3
115 3
116 3
117 3
118 3
119 3
120 3
121 3
122 10
123 10
124 10
125 10
126 10
127 10
128 10
129 10
130 4
131 4
132 4
133 4
134 4
135 4
136 4
137 4
138 11
139 11
140 12
141 12
142 12
143 12
144 12
145 12
146 12
147 12
148 13
149 13
150 13
151 13
152 13
153 13
154 13
155 14
156 14
157 14
158 14
159 14
160 14
161 14
162 15
163 15
164 15
165 15
166 15
167 15
168 15
169 15
170 5
171 5
172 5
173 5
174 5
175 5
176 16
177 16
178 16
179 16
180 16
181 16
182 16
183 16
184 17
185 17
186 17
187 17
188 17
189 17
190 17
191 17
192 18
193 18
194 18
195 18
196 18
197 18
198 18
199 18
200 19
201 19
202 19
203 19
204 19
205 19
206 19
207 6
208 6
209 6
210 6
211 6
212 6
213 6
214 6
215 20
216 20
217 20
218 20
219 20
220 20
221 20
222 20
223 21
224 21
225 21
226 21
227 21
228 21
229 21
230 21
231 2
232 22
233 22
234 22
235 22
236 22
237 22
238 22
239 22
240 23
241 23
242 23
243 23
244 23
245 23
246 23
247 23
248 24
249 24
250 24
251 24
252 24
253 24
254 24
255 24
256 25
257 25
258 25
259 25
260 25
261 25
262 25
263 25
264 8
265 26
266 26
267 26
268 26
269 27
270 27
271 27
272 27
273 28
274 28
275 28
276 28
277 28
278 28
279 28
280 28
281 29
282 29
283 29
284 29
285 29
286 29
287 29
288 29
289 9
290 9
291 9
292 9
293 9
294 9
295 30
296 30
297 30
298 30
299 30
300 30
301 30
302 30
303 3
304 3
305 3
306 3
307 3
308 3
309 3
310 3
311 31
312 31
313 31
314 32
315 32
316 32
317 32
318 32
319 32
320 32
321 32
322 4
323 4
324 4
325 4
326 4
327 4
328 4
329 4
330 33
331 33
332 33
333 33
334 33
335 33
336 33
337 33
338 12
339 12
340 12
341 12
342 12
343 12
344 12
345 12
346 34
347 34
348 35
349 35
350 35
351 35
352 35
353 35
354 35
355 35
356 36
357 36
358 37
359 37
360 37
361 37
362 37
363 37
364 37
365 37
366 38
367 38
368 38
369 38
370 38
371 38
372 38
373 38
374 39
375 39
376 39
377 39
378 39
379 39
380 39
381 39
382 40
383 40
384 40
385 40
386 40
387 40
388 40
389 40
390 41
391 41
392 41
393 41
394 41
395 41
396 41
397 41
398 42
399 42
400 42
401 42
402 42
403 42
404 42
405 42
406 43
407 43
408 43
409 43
410 43
411 43
412 43
413 43
414 44
415 44
416 44
417 44
418 44
419 44
420 44
421 44
422 45
423 45
424 45
425 46
426 46
427 46
428 46
429 46
430 46
431 46
432 46
433 47
434 47
435 47
436 47
437 47
438 47
439 47
440 47
441 16
442 16
443 16
444 16
445 16
446 16
447 16
448 16
449 48
450 48
451 48
452 48
453 48
454 48
455 48
456 48
457 17
458 17
459 17
460 17
461 17
462 17
463 17
464 17
465 49
466 49
467 49
468 49
469 49
470 49
471 49
472 49
473 18
474 18
475 18
476 6
477 6
478 6
479 6
480 6
481 20
482 20
483 20
484 20
485 20
486 20
487 20
488 20
489 21
490 21
491 21
492 21
493 21
494 21
495 21
496 21
497 22
498 22
499 23
500 23
501 23
502 23
503 23
504 23
505 23
506 23
507 24
508 24
509 24
510 24
511 24
512 24
513 24
514 24
515 25
516 25
517 25
518 25
519 25
520 25
521 25
522 25
523 28
524 28
525 28
526 28
527 28
528 28
529 28
530 28
531 29
532 29
533 29
534 29
535 29
536 29
537 29
538 29
539 30
540 30
541 30
542 30
543 30
544 30
545 30
546 30
547 3
548 3
549 3
550 3
551 32
552 4
553 4
554 4
555 4
556 4
557 4
558 4
559 4
560 33
561 33
562 33
563 33
564 33
565 33
566 33
567 33
568 12
569 12
570 12
571 12
572 12
573 12
574 12
575 12
576 35
577 35
578 35
579 35
580 35
581 35
582 35
583 35
584 37
585 37
586 37
587 37
588 37
589 37
590 37
591 38
592 38
593 38
594 38
595 38
596 38
597 38
598 38
599 39
600 39
601 39
602 39
603 39
604 39
605 39
606 39
607 40
608 41
609 41
610 41
611 41
612 41
613 41
614 41
615 41
616 42
617 42
618 42
619 42
620 42
621 42
622 42
623 43
624 43
625 43
626 43
627 43
628 43
629 43
630 43
631 44
632 44
633 46
634 46
635 46
636 46
637 46
638 46
639 46
640 46
641 47
642 47
643 47
644 47
645 47
646 47
647 47
648 47
649 16
650 16
651 16
652 16
653 16
654 16
655 16
656 16
657 48
658 48
659 48
660 48
661 48
662 48
663 48
664 17
665 17
666 17
667 17
668 17
669 17
670 17
671 17
672 49
673 49
674 49
675 49
676 49
677 49
678 49
679 49
680 20
681 20
682 20
683 20
684 20
685 20
686 20
687 20
688 21
689 21
690 21
691 21
692 21
693 21
694 21
695 21
696 23
697 23
698 23
699 23
700 23
701 23
702 23
703 23
704 24
705 24
706 24
707 24
708 24
709 24
710 24
711 24
712 25
713 25
714 25
715 25
716 25
717 25
718 25
719 25
720 28
721 28
722 28
723 28
724 28
725 28
726 29
727 29
728 29
729 29
730 29
731 29
732 29
733 29
734 30
735 30
736 30
737 30
738 30
739 4
740 4
741 4
742 4
743 4
744 4
745 4
746 4
747 33
748 33
749 33
750 33
751 33
752 33
753 33
754 33
755 12
756 12
757 35
758 35
759 35
760 35
761 35
762 35
763 35
764 35
765 38
766 39
767 39
768 39
769 39
770 39
771 39
772 39
773 39
774 41
775 41
776 41
777 41
778 41
779 41
780 41
781 41
782 43
783 43
784 43
785 43
786 43
787 43
788 43
789 43
790 46
791 46
792 46
793 46
794 46
795 46
796 46
797 46
798 47
799 47
800 47
801 47
802 16
803 16
804 16
805 16
806 16
807 16
808 16
809 16
810 17
811 17
812 17
813 17
814 49
815 20
816 20
817 20
818 20
819 20
820 20
821 20
822 20
823 21
824 21
825 21
826 21
827 21
828 21
829 21
830 21
831 23
832 24
833 24
834 24
835 24
836 24
837 24
838 24
839 24
840 25
841 25
842 25
843 25
844 25
845 25
846 25
847 25
848 29
849 29
850 29
851 29
852 29
853 4
854 4
855 4
856 4
857 4
858 4
859 4
860 4
861 33
862 33
863 33
864 33
865 35
866 35
867 39
868 41
869 41
870 41
871 41
872 41
873 41
874 41
875 41
876 43
877 43
878 43
879 43
880 43
881 43
882 43
883 43
884 46
885 46
886 46
887 46
888 46
889 46
890 46
891 46
892 16
893 16
894 16
895 16
896 16
897 16
898 16
899 16
900 20
901 20
902 20
903 20
904 20
905 20
906 20
907 20
908 21
909 21
910 21
911 21
912 21
913 21
914 21
915 21
916 24
917 24
918 24
919 24
920 24
921 24
922 24
923 24
924 25
925 25
926 25
927 25
928 25
929 25
930 25
931 25
932 4
933 4
934 4
935 4
936 4
937 4
938 4
939 4
940 41
941 41
942 41
943 41
944 41
945 41
946 41
947 41
948 43
949 43
950 43
951 43
952 43
953 43
954 43
955 43
956 46
957 46
958 46
959 46
960 46
961 46
962 46
963 46
964 16
965 16
966 16
967 16
968 16
969 16
970 16
971 16
972 20
973 20
974 20
975 20
976 20
977 20
978 20
979 20
980 21
981 21
982 21
983 21
984 21
985 21
986 21
987 21
988 24
989 24
990 24
991 24
992 24
993 24
994 24
995 24
996 25
997 25
998 25
999 25
1000 25
1001 25
1002 25
1003 25
1004 4
1005 4
1006 4
1007 4
1008 4
1009 4
1010 4
1011 4
1012 41
1013 41
1014 41
1015 41
1016 41
1017 41
1018 41
1019 41
1020 43
1021 43
1022 43
1023 43
1024 43
1025 43
1026 43
1027 43
1028 46
1029 46
1030 46
1031 46
1032 46
1033 46
1034 46
1035 46
1036 16
1037 16
1038 16
1039 16
1040 16
1041 16
1042 16
1043 16
1044 20
1045 20
1046 20
1047 20
1048 20
1049 20
1050 20
1051 20
1052 21
1053 21
1054 21
1055 21
1056 21
1057 21
1058 21
1059 21
1060 24
1061 24
1062 24
1063 24
1064 25
1065 25
1066 25
1067 25
1068 25
1069 25
1070 25
1071 25
1072 4
1073 4
1074 4
1075 4
1076 4
1077 4
1078 4
1079 4
1080 41
1081 41
1082 41
1083 41
1084 41
1085 41
1086 41
1087 41
1088 43
1089 43
1090 43
1091 43
1092 43
1093 43
1094 43
1095 43
1096 46
1097 46
1098 46
1099 46
1100 46
1101 46
1102 46
1103 46
1104 16
1105 20
1106 20
1107 20
1108 20
1109 20
1110 20
1111 20
1112 20
1113 21
1114 21
1115 21
1116 21
1117 21
1118 21
1119 25
1120 25
1121 25
1122 25
1123 25
1124 25
1125 25
1126 25
1127 4
1128 4
1129 4
1130 4
1131 4
1132 4
1133 4
1134 4
1135 41
1136 41
1137 41
1138 41
1139 41
1140 41
1141 41
1142 41
1143 43
1144 43
1145 43
1146 43
1147 43
1148 43
1149 43
1150 43
1151 46
1152 46
1153 46
1154 46
1155 46
1156 46
1157 46
1158 46
1159 20
1160 20
1161 25
1162 25
1163 25
1164 25
1165 25
1166 25
1167 25
1168 25
1169 4
1170 4
1171 4
1172 4
1173 4
1174 4
1175 4
1176 4
1177 41
1178 41
1179 41
1180 41
1181 41
1182 41
1183 41
1184 41
1185 43
1186 46
1187 46
1188 46
1189 46
1190 46
1191 46
1192 46
1193 46
1194 25
1195 25
1196 25
1197 25
1198 25
1199 25
1200 25
1201 25
1202 4
1203 4
1204 4
1205 4
1206 4
1207 4
1208 4
1209 4
1210 41
1211 41
1212 41
1213 41
1214 41
1215 41
1216 41
1217 41
1218 46
1219 46
1220 46
1221 46
1222 46
1223 46
1224 46
1225 46
1226 25
1227 25
1228 25
1229 25
1230 25
1231 25
1232 25
1233 25
1234 4
1235 4
1236 41
1237 41
1238 41
1239 41
1240 41
1241 41
1242 41
1243 41
1244 46
1245 46
1246 46
1247 46
1248 46
1249 46
1250 46
1251 46
1252 25
1253 25
1254 25
1255 25
1256 25
1257 25
1258 25
1259 25
1260 41
1261 41
1262 41
1263 41
1264 41
1265 46
1266 46
1267 46
1268 46
1269 46
1270 46
1271 25
1272 25
1273 -1
