0 -1
1 -1
2 0
3 0
4 0
5 0
6 0
7 1
8 1
9 1
10 1
11 1
12 1
13 1
14 1
15 2
16 2
17 2
18 2
19 2
20 2
21 3
22 3
23 3
24 3
25 3
26 3
27 3
28 3
29 1
30 1
31 1
32 1
33 1
34 1
35 1
36 1
37 4
38 4
39 4
40 4
41 4
42 4
43 4
44 4
45 3
46 3
47 3
48 3
49 3
50 3
51 3
52 3
53 5
54 5
55 5
56 5
57 5
58 5
59 5
60 5
61 6
62 6
63 6
64 6
65 6
66 6
67 6
68 6
69 4
70 4
71 4
72 4
73 4
74 4
75 4
76 4
77 7
78 7
79 7
80 7
81 7
82 7
83 7
84 7
85 8
86 8
87 8
88 8
89 8
90 8
91 8
92 8
93 9
94 9
95 9
96 9
97 9
98 9
99 9
100 9
101 10
102 10
103 10
104 10
105 10
106 10
107 10
108 10
109 11
110 11
111 11
112 11
113 5
114 5
115 5
116 5
117 5
118 5
119 5
120 5
121 12
122 12
123 12
124 12
125 12
126 12
127 12
128 13
129 13
130 13
131 13
132 13
133 13
134 13
135 13
136 6
137 6
138 6
139 6
140 6
141 6
142 6
143 6
144 14
145 14
146 14
147 14
148 14
149 14
150 14
151 14
152 15
153 15
154 15
155 15
156 15
157 15
158 15
159 15
160 16
161 16
162 16
163 16
164 16
165 16
166 16
167 16
168 4
169 4
170 4
171 4
172 4
173 4
174 7
175 7
176 7
177 7
178 7
179 7
180 7
181 7
182 17
183 17
184 17
185 17
186 17
187 17
188 17
189 17
190 18
191 18
192 18
193 18
194 18
195 18
196 18
197 18
198 19
199 19
200 19
201 19
202 19
203 19
204 19
205 19
206 8
207 8
208 8
209 8
210 20
211 20
212 20
213 20
214 20
215 20
216 20
217 20
218 21
219 21
220 21
221 21
222 21
223 21
224 21
225 21
226 9
227 9
228 9
229 9
230 9
231 9
232 22
233 22
234 22
235 22
236 22
237 22
238 22
239 22
240 10
241 10
242 10
243 23
244 23
245 23
246 23
247 23
248 23
249 23
250 23
251 24
252 24
253 24
254 24
255 24
256 24
257 24
258 24
259 25
260 25
261 25
262 25
263 5
264 5
265 5
266 5
267 5
268 5
269 5
270 5
271 26
272 26
273 26
274 26
275 26
276 26
277 26
278 26
279 27
280 27
281 27
282 27
283 27
284 27
285 27
286 27
287 13
288 13
289 13
290 13
291 13
292 13
293 13
294 13
295 28
296 28
297 28
298 28
299 28
300 28
301 28
302 28
303 6
304 6
305 6
306 6
307 6
308 6
309 6
310 6
311 29
312 29
313 29
314 29
315 29
316 29
317 29
318 29
319 30
320 30
321 30
322 30
323 30
324 30
325 30
326 30
327 14
328 14
329 31
330 31
331 31
332 31
333 31
334 31
335 31
336 31
337 32
338 32
339 32
340 32
341 32
342 32
343 32
344 32
345 15
346 15
347 15
348 33
349 33
350 33
351 33
352 33
353 33
354 33
355 33
356 34
357 34
358 34
359 34
360 34
361 34
362 34
363 34
364 35
365 35
366 35
367 35
368 35
369 35
370 35
371 36
372 36
373 36
374 36
375 36
376 36
377 36
378 36
379 37
380 37
381 37
382 37
383 16
384 16
385 16
386 16
387 16
388 16
389 16
390 16
391 38
392 38
393 38
394 38
395 38
396 38
397 38
398 38
399 39
400 39
401 39
402 39
403 39
404 39
405 39
406 39
407 40
408 40
409 40
410 40
411 40
412 40
413 40
414 40
415 41
416 41
417 41
418 41
419 41
420 41
421 42
422 42
423 42
424 42
425 42
426 42
427 42
428 42
429 43
430 43
431 43
432 43
433 43
434 44
435 44
436 44
437 44
438 44
439 44
440 44
441 44
442 7
443 7
444 7
445 7
446 7
447 7
448 7
449 7
450 45
451 45
452 45
453 45
454 45
455 45
456 45
457 45
458 46
459 46
460 46
461 46
462 46
463 46
464 46
465 46
466 17
467 17
468 17
469 17
470 17
471 17
472 17
473 17
474 47
475 47
476 47
477 47
478 47
479 47
480 47
481 47
482 48
483 48
484 48
485 48
486 48
487 48
488 48
489 48
490 49
491 49
492 49
493 49
494 49
495 49
496 49
497 49
498 18
499 18
500 18
501 18
502 18
503 18
504 18
505 18
506 19
507 19
508 19
509 19
510 19
511 19
512 19
513 19
514 20
515 20
516 20
517 20
518 20
519 21
520 21
521 21
522 21
523 21
524 21
525 21
526 21
527 22
528 22
529 22
530 22
531 22
532 23
533 23
534 23
535 23
536 23
537 23
538 23
539 23
540 24
541 24
542 24
543 24
544 24
545 24
546 24
547 24
548 5
549 5
550 5
551 5
552 5
553 5
554 5
555 5
556 26
557 26
558 26
559 26
560 26
561 26
562 26
563 26
564 27
565 13
566 13
567 13
568 13
569 13
570 13
571 13
572 13
573 28
574 28
575 28
576 28
577 28
578 28
579 28
580 28
581 6
582 6
583 6
584 29
585 29
586 29
587 29
588 29
589 29
590 29
591 29
592 30
593 30
594 30
595 30
596 30
597 30
598 30
599 30
600 31
601 31
602 31
603 31
604 31
605 31
606 31
607 31
608 32
609 32
610 32
611 32
612 32
613 32
614 32
615 32
616 33
617 33
618 33
619 33
620 33
621 33
622 33
623 33
624 34
625 34
626 34
627 34
628 34
629 34
630 34
631 34
632 36
633 36
634 36
635 36
636 36
637 36
638 36
639 36
640 16
641 16
642 38
643 38
644 38
645 38
646 39
647 39
648 39
649 39
650 39
651 39
652 39
653 39
654 40
655 40
656 40
657 40
658 40
659 40
660 40
661 40
662 42
663 42
664 42
665 42
666 42
667 42
668 42
669 42
670 44
671 44
672 44
673 44
674 44
675 44
676 44
677 44
678 7
679 7
680 7
681 7
682 7
683 7
684 7
685 7
686 45
687 45
688 45
689 45
690 45
691 45
692 45
693 45
694 46
695 46
696 46
697 46
698 46
699 46
700 46
701 47
702 47
703 47
704 47
705 47
706 47
707 47
708 47
709 48
710 48
711 48
712 48
713 48
714 48
715 48
716 48
717 49
718 49
719 49
720 49
721 49
722 49
723 49
724 18
725 18
726 18
727 18
728 18
729 18
730 18
731 18
732 19
733 19
734 19
735 19
736 19
737 19
738 19
739 19
740 23
741 23
742 23
743 23
744 23
745 23
746 24
747 24
748 24
749 5
750 5
751 5
752 5
753 5
754 5
755 5
756 5
757 26
758 26
759 26
760 26
761 26
762 26
763 26
764 13
765 13
766 13
767 13
768 13
769 13
770 13
771 13
772 28
773 28
774 28
775 28
776 28
777 28
778 28
779 28
780 29
781 29
782 29
783 29
784 29
785 29
786 29
787 29
788 30
789 30
790 30
791 31
792 31
793 32
794 32
795 32
796 33
797 33
798 33
799 33
800 33
801 33
802 33
803 33
804 34
805 34
806 34
807 34
808 34
809 34
810 34
811 34
812 36
813 36
814 36
815 36
816 36
817 36
818 36
819 36
820 39
821 39
822 39
823 39
824 39
825 39
826 39
827 39
828 40
829 40
830 40
831 40
832 40
833 40
834 40
835 40
836 42
837 42
838 42
839 42
840 42
841 42
842 42
843 42
844 44
845 44
846 44
847 44
848 44
849 44
850 44
851 44
852 7
853 7
854 7
855 7
856 7
857 7
858 7
859 7
860 45
861 45
862 45
863 45
864 45
865 45
866 45
867 45
868 47
869 47
870 47
871 47
872 47
873 47
874 47
875 47
876 48
877 48
878 48
879 48
880 48
881 48
882 48
883 18
884 18
885 19
886 19
887 19
888 19
889 19
890 19
891 19
892 19
893 5
894 5
895 5
896 5
897 5
898 5
899 5
900 5
901 13
902 13
903 13
904 13
905 13
906 13
907 13
908 13
909 29
910 29
911 29
912 29
913 29
914 29
915 29
916 29
917 33
918 33
919 33
920 33
921 33
922 33
923 33
924 33
925 34
926 34
927 34
928 34
929 34
930 34
931 34
932 34
933 39
934 39
935 39
936 39
937 39
938 42
939 42
940 42
941 42
942 42
943 42
944 42
945 42
946 44
947 44
948 44
949 44
950 44
951 7
952 7
953 7
954 7
955 7
956 7
957 7
958 7
959 45
960 45
961 45
962 45
963 45
964 45
965 45
966 45
967 47
968 47
969 19
970 19
971 19
972 19
973 19
974 19
975 19
976 19
977 5
978 5
979 5
980 5
981 5
982 5
983 5
984 5
985 13
986 13
987 13
988 13
989 13
990 13
991 13
992 13
993 29
994 29
995 29
996 29
997 29
998 29
999 29
1000 29
1001 33
1002 33
1003 33
1004 33
1005 33
1006 33
1007 33
1008 33
1009 34
1010 34
1011 34
1012 34
1013 34
1014 34
1015 34
1016 34
1017 42
1018 42
1019 42
1020 42
1021 42
1022 42
1023 42
1024 42
1025 7
1026 7
1027 7
1028 7
1029 7
1030 7
1031 7
1032 7
1033 45
1034 45
1035 45
1036 45
1037 45
1038 45
1039 45
1040 45
1041 19
1042 19
1043 19
1044 19
1045 19
1046 19
1047 19
1048 19
1049 5
1050 5
1051 5
1052 5
1053 5
1054 5
1055 5
1056 5
1057 13
1058 13
1059 13
1060 13
1061 13
1062 13
1063 13
1064 13
1065 29
1066 29
1067 29
1068 29
1069 29
1070 29
1071 29
1072 29
1073 33
1074 33
1075 33
1076 33
1077 33
1078 33
1079 33
1080 33
1081 34
1082 34
1083 34
1084 34
1085 34
1086 34
1087 34
1088 34
1089 42
1090 42
1091 42
1092 42
1093 42
1094 42
1095 42
1096 42
1097 7
1098 7
1099 7
1100 7
1101 7
1102 7
1103 7
1104 7
1105 45
1106 45
1107 45
1108 45
1109 45
1110 45
1111 45
1112 45
1113 19
1114 19
1115 19
1116 19
1117 19
1118 19
1119 19
1120 19
1121 5
1122 5
1123 5
1124 5
1125 13
1126 13
1127 13
1128 13
1129 13
1130 13
1131 13
1132 13
1133 29
1134 29
1135 29
1136 29
1137 29
1138 29
1139 29
1140 29
1141 33
1142 33
1143 33
1144 33
1145 33
1146 33
1147 33
1148 33
1149 34
1150 34
1151 34
1152 34
1153 34
1154 34
1155 34
1156 42
1157 42
1158 42
1159 42
1160 42
1161 42
1162 42
1163 42
1164 7
1165 7
1166 7
1167 7
1168 7
1169 7
1170 7
1171 7
1172 45
1173 45
1174 45
1175 45
1176 45
1177 45
1178 45
1179 45
1180 19
1181 19
1182 19
1183 19
1184 19
1185 19
1186 19
1187 19
1188 13
1189 13
1190 13
1191 13
1192 13
1193 13
1194 13
1195 13
1196 29
1197 29
1198 29
1199 29
1200 29
1201 29
1202 29
1203 29
1204 33
1205 33
1206 33
1207 33
1208 33
1209 33
1210 33
1211 33
1212 42
1213 42
1214 42
1215 42
1216 42
1217 42
1218 42
1219 42
1220 7
1221 7
1222 7
1223 7
1224 7
1225 7
1226 7
1227 7
1228 45
1229 45
1230 45
1231 45
1232 45
1233 45
1234 45
1235 45
1236 19
1237 19
1238 19
1239 19
1240 19
1241 19
1242 19
1243 19
1244 13
1245 29
1246 29
1247 29
1248 29
1249 29
1250 29
1251 29
1252 29
1253 33
1254 33
1255 33
1256 33
1257 33
1258 33
1259 33
1260 33
1261 7
1262 7
1263 7
1264 7
1265 7
1266 7
1267 7
1268 7
1269 19
1270 19
1271 19
1272 19
1273 19
1274 29
1275 29
1276 29
1277 29
1278 29
1279 29
1280 29
1281 29
1282 33
1283 33
1284 33
1285 33
1286 33
1287 33
1288 33
1289 33
1290 7
1291 7
1292 7
1293 7
1294 7
1295 7
1296 7
1297 29
1298 29
1299 29
1300 29
1301 29
1302 29
1303 29
1304 29
1305 33
1306 33
1307 33
1308 33
1309 33
1310 33
1311 33
1312 33
1313 29
1314 29
1315 29
1316 33
1317 33
1318 33
1319 33
1320 33
1321 33
1322 33
1323 33
1324 33
1325 33
1326 -1
