0 -1
1 0
2 0
3 0
4 0
5 0
6 0
7 0
8 0
9 1
10 1
11 1
12 1
13 1
14 1
15 1
16 1
17 2
18 2
19 2
20 2
21 2
22 2
23 2
24 2
25 0
26 0
27 0
28 0
29 0
30 0
31 0
32 0
33 3
34 3
35 3
36 3
37 3
38 3
39 3
40 3
41 1
42 1
43 1
44 1
45 1
46 1
47 1
48 1
49 4
50 4
51 4
52 4
53 4
54 4
55 4
56 5
57 5
58 5
59 5
60 5
61 5
62 5
63 5
64 6
65 6
66 6
67 6
68 6
69 6
70 6
71 6
72 7
73 7
74 7
75 7
76 7
77 7
78 7
79 7
80 2
81 2
82 2
83 2
84 2
85 2
86 2
87 2
88 8
89 8
90 8
91 8
92 8
93 8
94 8
95 8
96 9
97 9
98 9
99 9
100 9
101 9
102 9
103 9
104 0
105 0
106 0
107 0
108 0
109 0
110 0
111 0
112 3
113 3
114 3
115 3
116 3
117 3
118 3
119 3
120 10
121 10
122 10
123 10
124 10
125 10
126 10
127 10
128 1
129 1
130 1
131 1
132 1
133 1
134 11
135 11
136 11
137 11
138 11
139 11
140 11
141 11
142 12
143 12
144 12
145 12
146 12
147 12
148 12
149 12
150 5
151 5
152 5
153 5
154 5
155 13
156 13
157 6
158 6
159 6
160 6
161 6
162 6
163 6
164 6
165 14
166 14
167 14
168 14
169 14
170 14
171 14
172 14
173 15
174 15
175 15
176 15
177 15
178 16
179 16
180 16
181 16
182 16
183 16
184 16
185 16
186 7
187 7
188 7
189 7
190 7
191 7
192 7
193 7
194 17
195 17
196 17
197 17
198 17
199 17
200 17
201 17
202 18
203 18
204 18
205 18
206 18
207 18
208 18
209 18
210 8
211 8
212 8
213 8
214 8
215 8
216 8
217 8
218 19
219 19
220 19
221 19
222 20
223 20
224 20
225 20
226 20
227 20
228 20
229 20
230 21
231 21
232 21
233 21
234 21
235 21
236 21
237 21
238 22
239 22
240 22
241 22
242 22
243 22
244 22
245 22
246 23
247 23
248 23
249 23
250 23
251 23
252 9
253 9
254 9
255 9
256 9
257 9
258 9
259 9
260 0
261 0
262 0
263 0
264 0
265 24
266 24
267 24
268 24
269 24
270 24
271 24
272 24
273 25
274 25
275 26
276 26
277 26
278 26
279 26
280 26
281 26
282 26
283 27
284 27
285 27
286 27
287 27
288 27
289 27
290 27
291 3
292 3
293 3
294 3
295 3
296 3
297 3
298 3
299 28
300 28
301 28
302 28
303 28
304 28
305 28
306 28
307 29
308 29
309 29
310 29
311 29
312 29
313 29
314 29
315 30
316 30
317 30
318 30
319 30
320 30
321 30
322 30
323 10
324 10
325 10
326 10
327 10
328 10
329 10
330 10
331 31
332 31
333 31
334 31
335 31
336 31
337 31
338 31
339 32
340 32
341 33
342 33
343 33
344 33
345 33
346 33
347 33
348 33
349 34
350 34
351 34
352 34
353 34
354 34
355 11
356 11
357 35
358 35
359 35
360 35
361 36
362 36
363 36
364 36
365 36
366 36
367 36
368 36
369 37
370 37
371 37
372 37
373 37
374 37
375 37
376 37
377 12
378 12
379 12
380 12
381 12
382 12
383 12
384 12
385 38
386 38
387 38
388 38
389 38
390 38
391 38
392 38
393 39
394 39
395 39
396 39
397 39
398 39
399 39
400 40
401 40
402 40
403 40
404 40
405 40
406 40
407 40
408 41
409 41
410 41
411 41
412 41
413 41
414 41
415 41
416 6
417 6
418 6
419 6
420 6
421 6
422 6
423 6
424 42
425 42
426 42
427 43
428 43
429 43
430 43
431 43
432 43
433 43
434 43
435 44
436 44
437 44
438 44
439 44
440 44
441 44
442 44
443 14
444 14
445 14
446 14
447 14
448 14
449 45
450 45
451 45
452 46
453 46
454 46
455 46
456 46
457 46
458 46
459 46
460 47
461 47
462 47
463 47
464 47
465 47
466 47
467 47
468 48
469 48
470 48
471 48
472 48
473 48
474 48
475 48
476 16
477 16
478 16
479 16
480 49
481 49
482 49
483 49
484 49
485 49
486 49
487 7
488 7
489 7
490 7
491 7
492 7
493 7
494 7
495 17
496 17
497 17
498 17
499 17
500 17
501 17
502 17
503 18
504 18
505 18
506 18
507 18
508 18
509 18
510 18
511 8
512 8
513 8
514 8
515 8
516 8
517 8
518 8
519 20
520 20
521 20
522 20
523 20
524 20
525 20
526 21
527 21
528 21
529 21
530 21
531 21
532 21
533 21
534 22
535 22
536 22
537 22
538 22
539 22
540 22
541 22
542 9
543 9
544 9
545 9
546 9
547 9
548 9
549 9
550 24
551 24
552 24
553 24
554 24
555 24
556 24
557 24
558 26
559 26
560 26
561 26
562 26
563 26
564 26
565 26
566 27
567 27
568 27
569 27
570 27
571 27
572 27
573 27
574 3
575 3
576 3
577 3
578 3
579 3
580 3
581 3
582 28
583 28
584 28
585 28
586 28
587 28
588 28
589 28
590 29
591 30
592 30
593 30
594 30
595 30
596 30
597 30
598 30
599 10
600 31
601 31
602 31
603 31
604 31
605 31
606 33
607 33
608 36
609 36
610 36
611 36
612 36
613 36
614 36
615 36
616 37
617 37
618 37
619 37
620 37
621 37
622 37
623 37
624 12
625 12
626 12
627 12
628 12
629 12
630 12
631 12
632 38
633 40
634 40
635 40
636 40
637 40
638 40
639 40
640 40
641 41
642 41
643 41
644 41
645 41
646 41
647 41
648 41
649 6
650 6
651 6
652 43
653 43
654 43
655 43
656 43
657 43
658 43
659 44
660 44
661 44
662 44
663 44
664 44
665 44
666 44
667 47
668 47
669 47
670 47
671 47
672 47
673 48
674 48
675 48
676 7
677 7
678 7
679 7
680 7
681 7
682 7
683 7
684 17
685 17
686 17
687 17
688 17
689 17
690 17
691 17
692 18
693 18
694 18
695 18
696 18
697 18
698 18
699 18
700 8
701 8
702 8
703 8
704 8
705 8
706 8
707 8
708 21
709 21
710 21
711 21
712 21
713 21
714 21
715 21
716 22
717 22
718 22
719 22
720 22
721 22
722 22
723 22
724 9
725 9
726 9
727 9
728 9
729 9
730 9
731 9
732 24
733 24
734 24
735 24
736 24
737 26
738 26
739 26
740 26
741 26
742 26
743 26
744 26
745 27
746 27
747 27
748 27
749 27
750 27
751 27
752 27
753 3
754 3
755 3
756 3
757 3
758 3
759 3
760 3
761 28
762 28
763 28
764 28
765 28
766 28
767 28
768 28
769 30
770 30
771 30
772 30
773 30
774 30
775 30
776 36
777 36
778 36
779 36
780 36
781 36
782 36
783 36
784 37
785 37
786 37
787 37
788 37
789 37
790 37
791 37
792 12
793 12
794 12
795 12
796 12
797 12
798 12
799 12
800 40
801 40
802 40
803 40
804 40
805 40
806 40
807 40
808 44
809 44
810 44
811 7
812 7
813 7
814 7
815 7
816 7
817 7
818 7
819 17
820 17
821 17
822 17
823 17
824 17
825 17
826 17
827 18
828 18
829 18
830 18
831 18
832 18
833 18
834 18
835 8
836 8
837 8
838 8
839 8
840 8
841 8
842 8
843 21
844 21
845 21
846 21
847 21
848 21
849 21
850 21
851 22
852 22
853 22
854 22
855 22
856 22
857 22
858 22
859 9
860 9
861 9
862 9
863 9
864 9
865 9
866 9
867 26
868 26
869 26
870 27
871 27
872 27
873 27
874 27
875 3
876 3
877 3
878 3
879 3
880 3
881 3
882 3
883 28
884 28
885 28
886 28
887 36
888 36
889 36
890 36
891 36
892 36
893 36
894 36
895 37
896 37
897 12
898 12
899 12
900 12
901 12
902 12
903 12
904 12
905 40
906 40
907 40
908 40
909 40
910 40
911 40
912 40
913 7
914 7
915 7
916 7
917 7
918 7
919 7
920 7
921 17
922 17
923 17
924 17
925 17
926 17
927 17
928 17
929 18
930 18
931 18
932 18
933 18
934 18
935 18
936 18
937 8
938 8
939 8
940 8
941 8
942 8
943 8
944 8
945 21
946 21
947 21
948 21
949 21
950 21
951 21
952 21
953 22
954 22
955 22
956 22
957 22
958 22
959 22
960 22
961 9
962 9
963 9
964 9
965 9
966 9
967 9
968 9
969 3
970 3
971 3
972 3
973 3
974 3
975 3
976 3
977 36
978 36
979 36
980 36
981 36
982 36
983 36
984 36
985 12
986 12
987 12
988 12
989 12
990 12
991 12
992 12
993 40
994 40
995 40
996 40
997 40
998 40
999 40
1000 40
1001 7
1002 7
1003 7
1004 7
1005 7
1006 7
1007 7
1008 7
1009 17
1010 17
1011 17
1012 17
1013 17
1014 17
1015 17
1016 17
1017 18
1018 18
1019 18
1020 18
1021 18
1022 18
1023 18
1024 18
1025 8
1026 8
1027 8
1028 8
1029 8
1030 8
1031 8
1032 8
1033 21
1034 21
1035 21
1036 21
1037 21
1038 21
1039 21
1040 21
1041 22
1042 22
1043 22
1044 22
1045 22
1046 22
1047 22
1048 22
1049 9
1050 9
1051 9
1052 9
1053 9
1054 9
1055 9
1056 9
1057 3
1058 3
1059 3
1060 3
1061 3
1062 3
1063 3
1064 3
1065 36
1066 36
1067 36
1068 36
1069 36
1070 36
1071 36
1072 36
1073 12
1074 12
1075 12
1076 12
1077 12
1078 12
1079 12
1080 12
1081 40
1082 40
1083 40
1084 40
1085 40
1086 40
1087 40
1088 40
1089 7
1090 7
1091 7
1092 7
1093 7
1094 7
1095 7
1096 7
1097 17
1098 17
1099 17
1100 17
1101 17
1102 17
1103 17
1104 17
1105 18
1106 18
1107 18
1108 18
1109 18
1110 18
1111 18
1112 18
1113 8
1114 8
1115 8
1116 8
1117 8
1118 8
1119 8
1120 8
1121 21
1122 21
1123 21
1124 21
1125 21
1126 21
1127 21
1128 21
1129 22
1130 22
1131 22
1132 9
1133 9
1134 9
1135 9
1136 9
1137 9
1138 9
1139 9
1140 3
1141 3
1142 3
1143 3
1144 3
1145 3
1146 3
1147 3
1148 36
1149 36
1150 36
1151 36
1152 36
1153 36
1154 36
1155 36
1156 40
1157 40
1158 40
1159 40
1160 40
1161 40
1162 40
1163 40
1164 7
1165 7
1166 7
1167 7
1168 7
1169 7
1170 7
1171 7
1172 17
1173 17
1174 17
1175 17
1176 17
1177 17
1178 17
1179 17
1180 18
1181 18
1182 18
1183 18
1184 18
1185 18
1186 18
1187 18
1188 8
1189 8
1190 8
1191 8
1192 8
1193 8
1194 8
1195 8
1196 21
1197 21
1198 21
1199 21
1200 21
1201 21
1202 21
1203 21
1204 9
1205 9
1206 9
1207 9
1208 9
1209 9
1210 9
1211 9
1212 3
1213 3
1214 3
1215 3
1216 3
1217 3
1218 3
1219 3
1220 36
1221 36
1222 36
1223 36
1224 36
1225 36
1226 36
1227 36
1228 40
1229 40
1230 40
1231 40
1232 40
1233 40
1234 40
1235 40
1236 7
1237 7
1238 7
1239 7
1240 7
1241 7
1242 7
1243 7
1244 17
1245 17
1246 17
1247 17
1248 17
1249 17
1250 17
1251 17
1252 18
1253 18
1254 18
1255 18
1256 18
1257 18
1258 18
1259 18
1260 8
1261 21
1262 21
1263 21
1264 21
1265 21
1266 21
1267 21
1268 21
1269 9
1270 9
1271 9
1272 9
1273 9
1274 9
1275 9
1276 9
1277 3
1278 3
1279 3
1280 3
1281 3
1282 3
1283 3
1284 36
1285 36
1286 36
1287 36
1288 36
1289 36
1290 36
1291 36
1292 40
1293 40
1294 7
1295 7
1296 7
1297 7
1298 7
1299 7
1300 7
1301 7
1302 17
1303 17
1304 18
1305 18
1306 18
1307 18
1308 21
1309 21
1310 21
1311 21
1312 21
1313 21
1314 21
1315 21
1316 9
1317 9
1318 9
1319 9
1320 9
1321 9
1322 9
1323 9
1324 36
1325 36
1326 36
1327 36
1328 36
1329 36
1330 36
1331 36
1332 7
1333 7
1334 21
1335 21
1336 21
1337 21
1338 21
1339 21
1340 21
1341 21
1342 9
1343 9
1344 9
1345 9
1346 9
1347 9
1348 9
1349 9
1350 36
1351 36
1352 36
1353 36
1354 36
1355 36
1356 36
1357 36
1358 21
1359 21
1360 21
1361 21
1362 21
1363 21
1364 21
1365 21
1366 36
1367 -1
