0 -1
1 -1
2 -1
3 -1
4 0
5 0
6 0
7 0
8 0
9 0
10 0
11 0
12 0
13 -1
14 1
15 1
16 1
17 1
18 1
19 1
20 1
21 1
22 2
23 2
24 2
25 2
26 2
27 2
28 2
29 2
30 3
31 3
32 3
33 3
34 3
35 3
36 3
37 3
38 4
39 4
40 4
41 4
42 4
43 4
44 4
45 4
46 1
47 1
48 1
49 1
50 1
51 1
52 1
53 1
54 5
55 5
56 5
57 5
58 5
59 5
60 5
61 5
62 2
63 2
64 2
65 2
66 2
67 2
68 2
69 2
70 6
71 6
72 6
73 6
74 7
75 7
76 7
77 7
78 7
79 7
80 7
81 3
82 3
83 3
84 3
85 3
86 3
87 8
88 8
89 8
90 8
91 8
92 8
93 8
94 8
95 9
96 9
97 9
98 9
99 9
100 9
101 9
102 9
103 10
104 10
105 11
106 11
107 11
108 11
109 11
110 11
111 11
112 11
113 12
114 12
115 12
116 12
117 12
118 12
119 12
120 12
121 13
122 13
123 13
124 13
125 13
126 13
127 13
128 13
129 1
130 1
131 1
132 1
133 1
134 14
135 14
136 14
137 14
138 14
139 14
140 14
141 14
142 15
143 15
144 15
145 15
146 15
147 15
148 15
149 15
150 5
151 5
152 5
153 5
154 5
155 5
156 5
157 5
158 16
159 16
160 16
161 16
162 2
163 2
164 2
165 2
166 2
167 2
168 2
169 17
170 17
171 17
172 17
173 17
174 17
175 17
176 17
177 18
178 18
179 18
180 19
181 19
182 19
183 19
184 19
185 19
186 19
187 19
188 20
189 20
190 20
191 20
192 20
193 20
194 20
195 20
196 8
197 8
198 8
199 8
200 8
201 8
202 8
203 8
204 21
205 21
206 21
207 21
208 21
209 21
210 21
211 21
212 22
213 22
214 22
215 22
216 22
217 22
218 22
219 22
220 9
221 9
222 9
223 9
224 9
225 9
226 9
227 9
228 23
229 23
230 23
231 23
232 23
233 23
234 23
235 23
236 24
237 24
238 24
239 24
240 24
241 24
242 24
243 24
244 25
245 25
246 25
247 25
248 25
249 25
250 25
251 25
252 26
253 26
254 26
255 26
256 26
257 26
258 26
259 26
260 11
261 11
262 11
263 11
264 11
265 11
266 11
267 11
268 27
269 27
270 27
271 27
272 27
273 27
274 27
275 27
276 28
277 28
278 28
279 28
280 28
281 28
282 28
283 28
284 12
285 12
286 12
287 12
288 12
289 29
290 29
291 29
292 29
293 29
294 29
295 29
296 29
297 30
298 30
299 30
300 30
301 30
302 30
303 30
304 30
305 31
306 31
307 31
308 31
309 31
310 31
311 31
312 31
313 13
314 13
315 13
316 13
317 13
318 13
319 13
320 13
321 32
322 32
323 32
324 32
325 32
326 32
327 32
328 32
329 33
330 33
331 33
332 33
333 33
334 33
335 33
336 33
337 14
338 14
339 14
340 14
341 14
342 14
343 14
344 14
345 34
346 34
347 34
348 34
349 34
350 34
351 34
352 34
353 35
354 35
355 35
356 35
357 35
358 35
359 35
360 35
361 36
362 36
363 36
364 36
365 36
366 36
367 36
368 36
369 15
370 15
371 15
372 15
373 15
374 15
375 15
376 15
377 5
378 5
379 5
380 5
381 5
382 5
383 5
384 5
385 37
386 37
387 37
388 37
389 37
390 37
391 37
392 37
393 38
394 38
395 38
396 38
397 38
398 38
399 39
400 39
401 39
402 39
403 39
404 39
405 39
406 39
407 40
408 40
409 40
410 40
411 40
412 40
413 40
414 40
415 41
416 41
417 41
418 42
419 42
420 42
421 42
422 42
423 42
424 42
425 42
426 43
427 43
428 43
429 43
430 43
431 43
432 43
433 43
434 17
435 17
436 17
437 17
438 17
439 17
440 17
441 17
442 44
443 44
444 44
445 44
446 44
447 44
448 44
449 44
450 45
451 45
452 45
453 45
454 45
455 45
456 45
457 45
458 19
459 19
460 19
461 19
462 19
463 19
464 19
465 19
466 46
467 46
468 46
469 46
470 46
471 47
472 47
473 47
474 47
475 47
476 47
477 47
478 47
479 48
480 48
481 48
482 48
483 48
484 48
485 48
486 48
487 49
488 49
489 49
490 49
491 49
492 49
493 49
494 49
495 20
496 20
497 20
498 20
499 20
500 20
501 20
502 20
503 8
504 21
505 21
506 21
507 22
508 22
509 9
510 9
511 9
512 9
513 9
514 9
515 9
516 23
517 23
518 23
519 23
520 23
521 23
522 23
523 23
524 24
525 25
526 25
527 25
528 25
529 25
530 25
531 25
532 25
533 26
534 26
535 26
536 26
537 26
538 26
539 26
540 26
541 11
542 11
543 11
544 11
545 11
546 11
547 11
548 11
549 27
550 27
551 27
552 27
553 27
554 27
555 27
556 27
557 28
558 28
559 28
560 28
561 28
562 28
563 28
564 28
565 29
566 29
567 29
568 29
569 30
570 30
571 30
572 30
573 30
574 31
575 31
576 31
577 31
578 31
579 31
580 31
581 31
582 13
583 13
584 32
585 32
586 32
587 32
588 32
589 32
590 32
591 32
592 33
593 33
594 33
595 33
596 33
597 33
598 33
599 33
600 14
601 14
602 14
603 14
604 14
605 14
606 14
607 14
608 34
609 34
610 34
611 34
612 34
613 34
614 34
615 34
616 35
617 35
618 35
619 35
620 35
621 35
622 35
623 35
624 36
625 36
626 36
627 36
628 36
629 36
630 36
631 36
632 15
633 15
634 15
635 15
636 15
637 5
638 5
639 37
640 37
641 37
642 39
643 39
644 39
645 39
646 39
647 39
648 39
649 39
650 40
651 40
652 40
653 40
654 40
655 40
656 40
657 40
658 42
659 42
660 43
661 43
662 43
663 43
664 43
665 43
666 43
667 43
668 17
669 17
670 44
671 44
672 44
673 44
674 44
675 44
676 44
677 44
678 45
679 45
680 45
681 45
682 45
683 45
684 45
685 45
686 19
687 19
688 19
689 47
690 47
691 47
692 47
693 47
694 47
695 47
696 47
697 48
698 48
699 48
700 48
701 48
702 48
703 48
704 48
705 49
706 49
707 49
708 49
709 49
710 49
711 49
712 49
713 20
714 20
715 20
716 20
717 20
718 20
719 20
720 20
721 23
722 23
723 25
724 25
725 25
726 25
727 25
728 25
729 25
730 25
731 26
732 26
733 26
734 26
735 26
736 26
737 26
738 26
739 11
740 11
741 11
742 11
743 11
744 11
745 11
746 11
747 27
748 27
749 27
750 27
751 27
752 27
753 27
754 28
755 28
756 28
757 28
758 31
759 31
760 31
761 31
762 31
763 31
764 31
765 31
766 32
767 32
768 32
769 32
770 32
771 32
772 32
773 32
774 33
775 33
776 33
777 33
778 33
779 33
780 33
781 33
782 14
783 14
784 14
785 14
786 14
787 14
788 14
789 14
790 34
791 34
792 34
793 35
794 35
795 35
796 35
797 35
798 35
799 35
800 35
801 36
802 36
803 36
804 36
805 36
806 36
807 36
808 36
809 39
810 40
811 40
812 40
813 40
814 40
815 40
816 40
817 40
818 43
819 43
820 43
821 43
822 43
823 43
824 43
825 43
826 44
827 44
828 44
829 44
830 44
831 44
832 44
833 44
834 45
835 45
836 45
837 48
838 48
839 48
840 48
841 48
842 48
843 49
844 49
845 49
846 49
847 49
848 49
849 49
850 49
851 20
852 25
853 25
854 25
855 25
856 25
857 25
858 25
859 25
860 26
861 26
862 26
863 26
864 26
865 26
866 26
867 26
868 11
869 11
870 11
871 11
872 11
873 11
874 11
875 11
876 31
877 31
878 31
879 31
880 31
881 31
882 31
883 31
884 32
885 32
886 33
887 33
888 33
889 33
890 33
891 33
892 33
893 33
894 14
895 14
896 14
897 14
898 14
899 14
900 14
901 14
902 35
903 35
904 35
905 35
906 35
907 35
908 35
909 35
910 36
911 36
912 36
913 36
914 36
915 36
916 36
917 36
918 40
919 40
920 40
921 40
922 40
923 40
924 40
925 40
926 43
927 43
928 43
929 43
930 43
931 43
932 43
933 43
934 44
935 44
936 49
937 49
938 49
939 49
940 49
941 49
942 49
943 49
944 25
945 25
946 25
947 25
948 25
949 25
950 25
951 25
952 26
953 26
954 26
955 26
956 26
957 26
958 26
959 26
960 11
961 11
962 11
963 11
964 11
965 11
966 11
967 11
968 31
969 31
970 31
971 31
972 31
973 31
974 31
975 31
976 33
977 33
978 33
979 33
980 33
981 33
982 33
983 33
984 14
985 14
986 14
987 14
988 14
989 14
990 14
991 14
992 35
993 35
994 35
995 35
996 35
997 35
998 35
999 35
1000 36
1001 36
1002 36
1003 36
1004 36
1005 36
1006 36
1007 36
1008 40
1009 40
1010 40
1011 40
1012 40
1013 40
1014 40
1015 40
1016 43
1017 43
1018 43
1019 43
1020 43
1021 43
1022 43
1023 43
1024 49
1025 49
1026 49
1027 49
1028 49
1029 49
1030 49
1031 49
1032 25
1033 25
1034 25
1035 25
1036 25
1037 25
1038 25
1039 25
1040 26
1041 26
1042 26
1043 26
1044 26
1045 26
1046 26
1047 26
1048 11
1049 11
1050 11
1051 11
1052 11
1053 11
1054 11
1055 11
1056 31
1057 31
1058 31
1059 31
1060 31
1061 31
1062 31
1063 31
1064 33
1065 33
1066 33
1067 33
1068 33
1069 33
1070 33
1071 33
1072 14
1073 14
1074 14
1075 14
1076 14
1077 14
1078 14
1079 14
1080 35
1081 35
1082 35
1083 35
1084 35
1085 35
1086 35
1087 35
1088 36
1089 36
1090 36
1091 36
1092 36
1093 36
1094 36
1095 36
1096 40
1097 40
1098 40
1099 40
1100 40
1101 40
1102 40
1103 40
1104 43
1105 43
1106 43
1107 43
1108 43
1109 43
1110 43
1111 43
1112 49
1113 49
1114 49
1115 49
1116 49
1117 49
1118 49
1119 49
1120 25
1121 25
1122 25
1123 25
1124 25
1125 25
1126 25
1127 25
1128 26
1129 26
1130 26
1131 26
1132 26
1133 26
1134 26
1135 26
1136 11
1137 11
1138 11
1139 11
1140 11
1141 11
1142 11
1143 11
1144 31
1145 31
1146 31
1147 31
1148 31
1149 31
1150 31
1151 31
1152 33
1153 33
1154 33
1155 33
1156 33
1157 33
1158 33
1159 33
1160 14
1161 14
1162 14
1163 14
1164 14
1165 14
1166 14
1167 14
1168 35
1169 35
1170 35
1171 35
1172 35
1173 35
1174 35
1175 35
1176 36
1177 36
1178 36
1179 36
1180 36
1181 36
1182 36
1183 36
1184 40
1185 40
1186 40
1187 40
1188 40
1189 40
1190 40
1191 40
1192 43
1193 43
1194 43
1195 43
1196 43
1197 43
1198 43
1199 43
1200 49
1201 49
1202 49
1203 49
1204 49
1205 49
1206 49
1207 49
1208 25
1209 25
1210 25
1211 25
1212 25
1213 25
1214 25
1215 25
1216 26
1217 26
1218 26
1219 26
1220 26
1221 26
1222 26
1223 26
1224 11
1225 11
1226 11
1227 11
1228 11
1229 11
1230 11
1231 11
1232 31
1233 31
1234 31
1235 31
1236 31
1237 31
1238 33
1239 33
1240 33
1241 33
1242 33
1243 33
1244 33
1245 33
1246 14
1247 14
1248 14
1249 14
1250 14
1251 14
1252 14
1253 14
1254 35
1255 35
1256 35
1257 35
1258 36
1259 36
1260 36
1261 36
1262 40
1263 40
1264 40
1265 40
1266 40
1267 43
1268 43
1269 43
1270 43
1271 43
1272 43
1273 43
1274 43
1275 49
1276 49
1277 49
1278 49
1279 49
1280 49
1281 49
1282 49
1283 25
1284 25
1285 25
1286 25
1287 25
1288 25
1289 25
1290 25
1291 26
1292 26
1293 26
1294 11
1295 11
1296 11
1297 11
1298 11
1299 11
1300 11
1301 11
1302 33
1303 33
1304 33
1305 33
1306 33
1307 33
1308 33
1309 33
1310 14
1311 14
1312 14
1313 14
1314 14
1315 14
1316 14
1317 14
1318 43
1319 49
1320 49
1321 49
1322 49
1323 49
1324 49
1325 49
1326 49
1327 25
1328 25
1329 25
1330 25
1331 25
1332 25
1333 25
1334 25
1335 11
1336 11
1337 11
1338 11
1339 11
1340 11
1341 11
1342 11
1343 33
1344 33
1345 33
1346 33
1347 33
1348 33
1349 33
1350 33
1351 14
1352 14
1353 14
1354 14
1355 14
1356 14
1357 14
1358 14
1359 49
1360 49
1361 49
1362 49
1363 49
1364 49
1365 49
1366 49
1367 25
1368 25
1369 11
1370 11
1371 11
1372 11
1373 11
1374 11
1375 11
1376 11
1377 33
1378 33
1379 33
1380 33
1381 33
1382 33
1383 33
1384 33
1385 14
1386 14
1387 14
1388 14
1389 14
1390 14
1391 49
1392 49
1393 49
1394 49
1395 49
1396 49
1397 49
1398 49
1399 33
1400 33
1401 33
1402 33
1403 33
1404 33
1405 33
1406 -1
